88
4 
10 17 
3 12 7 
21 21 5 7 
8 8 4 10 4 
14 18 5 10 19 14 
7 5 16 15 5 4 19 
21 18 10 9 14 21 12 15 
10 22 18 17 6 14 5 16 16 
7 4 14 16 11 10 7 5 20 20 
22 6 4 12 21 19 18 13 5 11 9 
3 5 7 11 9 8 13 12 13 13 9 4 
16 11 12 6 7 17 19 3 9 19 14 11 7 
22 9 6 20 21 21 5 12 4 16 18 22 21 7 
13 20 9 16 9 4 8 7 15 13 12 20 16 20 15 
9 13 4 19 18 10 18 17 14 15 13 13 4 7 9 13 
10 14 10 20 20 10 16 6 8 12 12 21 4 11 5 9 9 
13 16 11 3 14 5 18 13 22 7 20 11 6 18 4 5 13 14 
19 17 3 19 4 11 22 11 7 4 17 16 22 21 21 3 11 10 10 
11 16 11 6 10 4 13 20 16 17 12 19 18 14 3 12 22 19 21 6 
7 11 7 12 12 5 18 8 16 6 6 10 17 6 11 3 21 21 3 19 21 
4 12 21 12 20 15 5 21 15 21 22 13 20 21 14 18 11 19 14 5 17 15 
18 11 9 5 9 18 16 12 5 7 19 4 21 5 14 4 22 20 19 15 12 18 15 
3 13 6 12 4 11 4 12 18 6 5 8 5 8 11 9 20 20 15 15 12 17 4 12 
19 12 11 15 8 18 17 12 4 15 8 3 21 16 22 6 22 19 10 12 12 20 9 12 16 
18 20 19 9 8 11 5 18 17 17 4 19 14 9 6 16 18 8 16 15 11 15 8 16 19 4 
21 9 5 4 7 19 5 12 4 18 13 16 9 7 22 15 22 16 7 17 13 8 12 9 16 17 5 
11 21 10 8 21 14 5 8 20 17 17 7 17 17 15 22 16 13 10 20 21 20 16 13 6 11 15 8 
5 3 16 10 5 22 10 8 6 7 6 15 4 4 6 15 8 16 8 14 15 5 5 9 7 3 10 3 16 
17 13 13 18 16 14 3 19 10 8 13 3 17 18 7 22 8 19 17 21 5 14 9 21 16 14 7 21 7 22 
15 3 10 3 9 13 20 13 18 19 10 6 21 7 12 5 9 8 10 20 17 8 10 12 11 6 3 5 5 6 19 
20 4 18 8 7 3 5 19 13 9 14 14 14 10 16 3 13 7 11 6 3 14 5 12 3 16 21 21 8 10 20 3 
21 22 6 3 20 7 20 11 16 10 4 13 3 11 16 7 8 3 14 7 18 19 15 13 6 8 19 19 9 20 9 20 20 
14 12 4 19 5 20 15 20 19 8 4 6 12 12 8 22 15 19 18 16 5 7 17 17 15 20 12 15 6 10 6 14 18 10 
11 18 21 6 5 17 14 4 18 22 8 4 13 9 17 8 6 13 21 22 4 16 17 20 17 19 16 19 8 5 11 4 3 16 4 
18 18 5 5 14 20 7 21 15 6 19 16 3 16 18 15 21 13 20 15 15 18 12 14 3 11 8 13 20 12 13 8 16 17 14 3 
7 21 18 22 15 8 7 4 6 12 18 11 15 20 12 19 4 10 10 4 12 3 16 17 4 20 18 6 16 15 7 4 15 22 13 11 10 
7 18 9 21 13 10 10 7 6 4 6 9 6 13 14 12 3 7 5 22 16 14 7 21 15 13 8 18 22 6 5 21 10 7 11 14 7 16 
18 8 15 9 21 12 5 22 8 12 7 8 3 8 11 21 13 4 6 15 15 15 10 13 6 4 6 6 10 3 12 18 8 11 6 10 11 6 20 
12 6 12 4 11 5 11 3 4 21 17 11 9 13 12 6 13 3 11 10 19 6 18 9 8 21 16 12 7 11 6 22 20 9 7 18 21 9 14 8 
18 4 12 19 7 18 7 5 18 16 5 19 11 15 9 9 16 12 7 8 9 15 18 16 8 19 19 4 17 17 19 15 19 21 5 18 18 14 13 4 8 
14 20 9 13 13 5 17 16 16 19 15 11 5 16 17 6 17 6 19 11 7 20 16 12 11 3 3 21 21 13 18 4 7 6 19 6 12 5 4 12 11 5 
16 17 3 5 6 14 12 21 22 11 22 14 6 8 4 7 15 8 16 21 12 5 21 20 13 4 17 11 4 22 16 18 12 20 12 21 3 14 7 20 18 18 18 
13 22 15 11 5 17 8 13 7 17 3 18 14 4 18 22 13 21 16 11 20 15 19 12 16 11 4 13 6 6 11 7 21 3 14 8 17 14 16 10 16 18 11 8 
19 12 13 21 12 16 9 3 19 12 10 11 22 7 4 8 9 19 19 9 9 10 4 7 3 9 4 5 4 7 12 18 5 16 7 4 8 5 6 14 9 11 21 5 10 
10 4 15 19 13 17 12 7 19 13 16 19 15 17 8 11 11 14 15 14 17 22 21 5 7 18 15 12 22 21 6 21 9 22 21 9 19 5 16 21 5 9 15 20 8 10 
21 5 10 21 13 15 3 21 22 15 11 5 3 18 18 5 10 19 20 21 20 11 14 19 13 12 8 21 12 3 3 3 10 5 18 18 15 4 17 21 9 17 9 11 12 21 6 
18 18 4 18 18 11 17 13 8 7 20 5 4 7 12 12 13 6 13 16 8 13 20 19 20 21 16 19 17 7 14 12 18 8 20 7 20 6 7 13 11 11 4 8 15 16 15 17 
19 9 19 15 12 3 17 22 6 14 4 12 22 8 8 8 19 13 18 12 7 9 16 17 12 3 18 16 12 4 15 11 21 14 11 9 13 5 17 22 13 15 5 14 18 7 17 7 5 
18 3 17 15 4 5 10 20 12 8 18 17 13 6 17 4 15 15 22 11 15 5 10 11 18 11 6 22 17 7 9 22 21 8 9 9 3 10 15 10 15 19 17 10 4 6 5 14 19 6 
11 6 5 21 19 3 14 5 19 13 8 7 9 20 12 6 17 20 11 11 14 19 6 11 10 9 14 20 15 6 10 11 8 11 8 21 20 6 16 4 13 11 14 13 12 15 17 12 4 8 10 
16 16 17 15 15 13 4 5 20 20 13 5 7 4 13 6 20 6 22 18 12 10 5 13 5 21 9 10 13 11 14 21 16 3 6 9 5 13 15 11 17 4 21 6 10 8 21 4 20 13 17 21 
21 4 6 19 10 21 12 18 8 18 9 9 16 3 13 11 11 15 16 3 9 18 13 22 20 15 5 11 15 12 7 17 11 15 10 15 18 11 7 20 6 12 18 4 12 3 15 11 6 14 17 16 14 
3 17 13 20 22 3 21 14 7 3 10 22 8 6 21 15 16 15 14 3 17 3 20 8 12 3 8 14 15 13 12 21 22 14 20 16 16 3 20 9 19 13 5 21 22 21 12 22 12 7 15 3 11 10 
11 20 6 13 10 19 17 5 14 22 4 19 13 6 6 19 15 15 4 17 16 5 19 3 18 7 22 19 3 21 15 10 7 3 20 9 13 4 5 12 6 21 8 4 18 19 19 21 21 22 21 20 13 10 12 
4 18 21 19 16 22 7 8 16 11 15 6 12 17 11 18 14 16 5 11 14 9 7 9 20 20 12 19 17 14 12 15 9 16 14 18 12 20 3 15 19 14 10 9 5 18 6 17 3 20 8 8 16 4 21 21 
21 3 14 10 8 13 18 12 13 12 16 8 17 5 10 15 19 10 5 5 13 4 14 10 8 22 4 21 14 10 11 9 19 22 12 5 9 9 18 11 17 3 16 20 11 6 4 14 5 18 20 9 15 4 19 4 4 
18 10 7 21 18 19 17 22 21 17 16 5 18 6 11 16 15 10 3 9 21 13 4 4 22 18 6 19 16 4 8 16 17 13 16 4 10 22 13 6 8 15 12 4 15 19 4 10 13 14 8 15 15 12 3 8 14 21 
16 9 21 11 9 14 9 19 20 3 17 12 11 12 7 12 21 20 18 9 7 11 9 11 20 21 13 22 8 9 22 3 13 14 16 18 8 21 3 14 10 10 7 9 10 3 10 17 14 15 14 11 16 8 20 14 7 20 9 
11 5 16 3 5 20 21 11 18 12 10 4 16 7 10 4 16 20 4 5 10 8 16 7 7 18 8 4 7 4 15 9 19 6 16 3 3 11 14 16 11 14 19 22 11 3 14 16 22 6 22 16 19 18 8 17 3 18 3 19 
18 8 14 11 22 19 5 15 8 3 18 5 8 5 3 19 20 5 11 3 3 19 21 16 3 9 17 16 20 3 18 15 3 10 18 9 4 11 4 11 18 19 8 12 15 19 18 5 6 5 4 5 15 11 21 11 20 17 13 13 18 
22 12 18 6 3 22 22 8 14 4 4 15 16 16 12 10 5 16 6 3 17 21 7 6 12 15 7 12 13 8 10 17 10 9 19 6 3 22 13 11 13 14 8 4 13 6 12 18 21 22 9 5 18 10 19 16 11 18 22 16 13 5 
8 4 8 10 10 12 17 14 20 21 8 20 21 21 7 15 6 11 7 4 6 13 7 4 10 20 15 14 6 4 6 4 8 4 8 13 18 4 5 15 14 18 18 16 21 22 5 11 17 5 10 8 21 7 13 22 17 7 6 8 21 7 4 
13 16 6 17 13 9 10 8 8 19 13 12 21 6 18 20 12 13 7 11 20 17 3 15 16 18 17 4 19 9 7 18 5 22 4 15 7 22 22 6 10 19 8 21 20 11 22 20 20 14 19 18 3 4 16 15 19 3 18 10 7 17 22 13 
19 4 14 12 13 17 15 14 12 10 13 22 16 16 6 4 6 8 19 22 18 22 11 21 6 22 18 4 16 9 5 21 11 4 22 21 14 6 6 17 6 12 5 10 5 4 10 9 14 20 16 3 19 13 5 18 9 13 20 5 3 12 8 17 6 
5 18 9 3 21 11 14 8 10 8 10 12 5 6 10 5 20 22 6 9 6 11 14 13 19 21 10 19 8 14 5 22 18 19 14 18 7 14 6 11 18 13 22 15 14 6 16 18 5 12 3 17 21 8 20 16 16 13 6 13 16 5 14 14 13 21 
4 21 10 15 21 22 5 6 13 5 11 5 18 18 11 4 5 17 22 11 21 5 20 4 10 12 8 3 16 7 13 4 8 16 7 5 6 5 12 17 12 15 17 12 13 7 7 12 21 8 6 15 16 13 14 10 14 12 21 21 6 15 22 16 6 5 11 
6 17 13 5 3 14 15 14 3 20 19 19 21 3 18 11 21 22 18 20 6 5 5 5 3 13 5 16 4 9 11 20 20 15 21 10 12 8 12 15 22 4 6 13 11 14 12 15 13 15 7 10 18 11 4 13 13 20 14 19 22 6 3 16 20 16 13 17 
16 5 6 4 13 5 10 20 14 6 13 20 3 6 9 6 4 22 8 9 14 8 4 3 12 20 6 13 21 4 18 4 10 14 10 22 7 22 21 3 13 4 21 8 3 11 22 5 21 3 21 18 4 17 10 16 19 4 9 21 13 21 19 18 20 14 3 15 21 
16 18 8 9 4 17 22 16 11 16 15 16 16 20 6 13 14 17 11 10 21 12 11 22 10 12 14 12 18 21 12 19 22 6 6 14 17 4 17 8 10 19 16 7 9 16 11 6 7 15 10 11 12 13 14 17 13 10 6 7 22 17 18 9 21 12 21 12 12 10 
3 21 7 18 9 12 6 9 15 3 13 19 18 4 9 14 12 10 6 8 13 13 9 18 4 11 5 20 5 7 8 15 15 8 11 9 12 21 6 8 8 3 8 21 4 18 3 10 16 17 14 18 19 17 4 20 13 17 13 19 14 3 18 8 5 8 21 16 15 20 21 
8 5 20 15 22 10 9 6 14 18 22 21 12 8 17 22 8 15 18 5 15 16 3 21 20 5 11 6 20 8 17 4 21 5 12 19 21 22 21 4 9 6 20 18 7 4 3 4 5 5 11 18 7 19 20 10 16 7 7 22 4 21 6 11 20 22 20 4 14 7 6 18 
15 12 4 18 18 19 20 22 3 15 16 4 12 11 10 21 7 7 17 16 8 21 13 5 12 7 12 21 6 8 3 7 16 8 15 8 10 10 20 7 7 13 17 14 4 8 17 13 5 21 9 21 4 7 20 19 17 12 11 10 16 11 9 5 21 3 22 21 13 7 22 19 11 
15 21 17 10 22 17 3 10 17 11 4 21 5 5 4 7 9 19 12 16 11 4 16 9 7 8 5 5 3 4 3 6 21 10 16 6 14 17 18 19 4 15 14 22 14 21 13 7 10 10 7 14 4 12 21 4 13 16 15 18 3 16 15 5 19 6 16 9 14 18 11 15 4 12 
6 12 10 15 14 16 15 13 22 15 10 17 8 3 6 5 12 10 21 3 14 14 17 10 17 6 12 12 9 10 19 15 13 22 9 5 6 3 16 8 14 22 9 10 12 5 20 8 19 11 15 17 9 16 3 22 14 21 10 19 21 17 3 16 10 12 19 5 5 10 6 3 10 16 13 
20 6 19 17 9 20 17 3 14 15 7 17 9 16 7 18 3 15 3 14 19 22 6 20 12 4 8 15 17 7 4 6 7 9 11 11 20 13 6 7 17 9 20 4 21 14 15 14 15 6 4 14 4 13 21 12 14 3 22 20 20 17 18 4 19 10 11 16 12 16 4 6 12 19 6 10 
8 5 13 20 4 10 13 9 10 14 20 8 7 21 14 10 18 15 14 20 8 16 14 3 3 13 18 3 13 20 21 9 7 12 14 7 11 13 21 22 22 10 12 22 22 19 3 19 16 21 13 16 9 12 17 15 3 17 17 16 9 12 14 11 22 4 4 11 9 16 8 13 12 4 3 11 5 
5 9 21 22 20 10 21 12 6 3 18 9 16 12 20 20 17 16 18 21 16 6 16 9 14 3 17 20 17 15 20 14 18 20 15 15 20 13 16 19 13 12 11 12 9 7 3 5 12 3 16 15 5 17 10 10 17 8 16 14 16 16 7 6 18 5 4 9 12 11 11 7 14 17 18 10 16 3 
5 10 20 20 3 5 3 3 21 19 17 18 13 14 18 20 6 5 10 12 14 14 17 3 16 16 4 8 11 6 3 18 14 13 15 18 14 3 17 3 9 17 11 22 8 19 15 5 15 14 10 7 20 11 19 13 13 5 4 16 22 15 7 14 18 7 13 9 9 21 4 6 6 4 3 18 21 22 6 
11 12 11 17 16 22 12 9 22 20 20 5 18 15 6 15 11 6 16 11 18 20 11 11 14 16 8 4 5 13 11 19 8 8 6 12 18 16 8 7 21 8 3 16 8 3 11 17 16 8 11 4 15 19 13 15 5 4 9 18 3 14 10 20 6 11 16 18 14 6 5 14 22 17 15 16 13 4 17 21 
9 9 14 6 11 10 22 7 7 16 18 7 17 5 10 10 8 9 9 12 3 20 13 22 21 19 20 6 5 3 14 8 6 18 19 18 7 9 11 4 18 21 8 16 6 15 21 20 19 22 9 17 9 6 5 14 3 18 21 10 13 13 16 10 16 17 19 15 13 4 4 9 8 16 7 12 18 6 17 16 10 
10 3 22 4 8 17 3 3 10 4 15 16 20 20 6 6 16 22 14 8 11 21 11 13 15 7 17 6 16 19 10 9 9 4 7 21 14 9 8 22 19 11 10 14 22 14 9 20 9 16 10 4 15 10 22 7 20 4 11 5 7 11 11 4 19 5 3 7 21 8 22 7 17 7 22 12 17 18 6 15 14 20 
17 6 14 22 13 20 6 21 7 15 9 12 11 20 20 7 11 10 11 16 5 14 12 16 20 17 7 7 6 18 14 16 15 21 13 22 13 16 17 12 17 17 16 12 21 8 16 21 14 15 6 11 12 11 8 14 3 9 14 11 4 21 20 10 5 21 5 6 9 9 12 19 8 14 6 21 13 20 19 14 9 13 16 
14 3 7 6 4 8 21 12 8 17 8 10 7 7 19 20 10 18 5 9 11 21 22 14 12 21 13 18 13 15 12 19 13 15 5 12 15 19 20 16 19 13 8 15 14 20 14 4 18 16 15 19 19 11 14 8 21 19 22 7 19 9 5 21 11 4 9 11 20 11 22 10 12 3 8 11 5 9 22 20 14 10 8 14 
9 7 17 12 12 19 4 8 8 19 3 20 18 13 20 12 8 9 11 18 6 20 13 10 18 5 16 3 17 12 11 18 11 13 3 22 20 10 17 7 20 8 22 15 16 15 5 6 14 12 20 16 3 7 6 20 11 13 11 11 4 15 20 7 22 4 12 6 19 15 3 10 15 13 3 18 6 18 20 20 17 17 16 16 21 
9 7 17 18 12 15 7 7 15 7 5 18 16 5 16 7 3 5 16 20 5 13 20 20 9 14 20 8 19 20 22 13 21 8 10 7 15 8 19 18 11 21 5 11 18 5 20 9 10 16 16 8 9 12 7 17 8 22 9 12 15 22 18 19 4 10 21 16 10 15 19 12 4 13 13 17 18 9 6 9 7 19 20 19 16 12 
14 7 20 8 3 13 8 8 21 11 9 12 11 4 8 19 3 19 13 7 10 11 19 7 3 6 7 14 3 13 7 6 9 4 13 8 9 11 19 10 9 20 21 22 17 18 14 13 15 21 19 20 13 10 10 17 9 5 5 22 9 18 9 17 13 9 22 19 5 22 4 15 19 7 20 13 21 15 7 4 3 3 6 19 4 10 22 
11 13 15 22 21 22 10 7 10 20 18 16 12 14 5 22 19 4 4 17 12 21 19 12 20 7 21 5 8 21 15 8 19 4 22 6 10 14 16 5 3 19 11 22 12 16 22 14 14 6 7 21 15 7 22 4 17 16 22 17 12 18 5 4 19 20 15 8 14 21 13 10 18 10 7 5 22 4 11 7 17 11 4 15 11 17 19 20 
