80
51
27 44
50 99 74
58 28 62 84
45 75 71 97 71
51 35 72 67 46 91
34 42 73 32 62 61 96
18 15 57 46 21 28 79 32
27 29 35 94 93 61 12 13 43
84 31 71 93 38 87 24 92 97 67
89 93 31 89 68 86 75 60 52 28 56
50 42 14 68 96 55 60 79 80 60 76 61
13 48 19 33 64 74 46 60 26 96 81 38 34
49 66 83 57 38 18 22 79 81 73 75 59 58 34
40 37 66 93 76 81 45 24 92 70 79 57 13 67 52
56 70 81 16 45 27 85 14 81 92 90 80 31 44 26 20
67 51 17 97 77 57 43 43 15 99 89 48 21 58 42 26 66
80 43 18 10 21 52 45 50 69 94 27 48 13 65 91 12 60 41
66 24 50 16 91 88 79 58 14 11 64 63 29 58 48 70 18 47 27
48 53 88 83 87 91 10 57 53 74 99 66 45 91 90 39 59 66 38 73
24 38 94 39 59 42 55 65 43 43 23 67 74 63 78 10 58 58 70 96 48
81 69 18 29 77 52 52 98 62 18 69 20 57 48 81 25 38 86 91 12 34 72
85 88 66 92 36 75 93 89 82 94 76 21 58 72 31 41 39 57 46 92 99 45 12
90 90 43 59 51 28 91 79 55 53 62 65 72 35 98 26 97 97 32 72 39 94 81 99
96 19 38 82 15 35 24 89 71 72 95 70 38 73 39 13 89 86 47 29 59 77 76 89 23
75 67 86 36 95 18 92 45 94 34 11 96 71 36 33 93 65 55 83 22 18 42 75 93 46 71
38 76 92 41 14 76 72 29 11 55 30 23 36 84 69 22 79 73 54 64 90 75 49 56 43 74 42
18 78 77 15 58 21 42 35 27 14 54 94 94 54 82 99 53 90 27 47 58 87 53 60 63 68 12 45
52 30 63 77 42 59 27 25 23 44 53 12 21 61 53 82 55 63 55 81 42 62 42 66 24 80 27 90 13
24 60 20 65 63 11 30 96 87 95 50 60 24 95 34 39 65 36 14 78 32 11 66 98 13 11 24 38 34 69
32 20 97 20 46 20 87 50 75 46 87 83 88 64 79 62 86 55 77 67 84 25 77 59 78 53 90 72 32 43 36
57 41 35 45 14 80 92 26 90 86 41 91 31 87 13 20 10 84 48 83 90 71 42 69 40 83 68 38 95 57 57 40
58 59 63 80 17 84 97 78 63 47 11 90 70 28 43 34 65 70 71 94 65 56 52 20 23 95 46 96 16 97 76 47 97
61 29 31 36 72 17 42 37 76 75 21 43 19 29 75 89 32 76 75 93 52 84 44 94 62 47 69 42 93 97 63 21 35 87
88 95 78 73 12 94 41 71 25 49 15 81 60 16 84 95 23 10 38 59 31 53 54 27 84 76 23 16 65 42 28 51 40 23 91
65 25 12 42 81 17 94 18 52 93 46 83 60 53 75 12 48 80 37 92 42 15 39 81 70 38 75 20 67 79 80 35 13 64 31 20
94 18 75 39 42 55 74 41 73 59 25 98 52 67 99 46 11 47 87 31 39 20 13 24 91 57 65 53 33 62 94 31 92 19 70 68 47
44 95 76 28 50 87 97 34 63 81 83 46 33 20 41 49 70 24 82 69 43 41 54 58 62 40 15 35 19 43 92 48 97 94 68 11 54 63
15 45 12 96 58 69 62 69 45 39 24 85 10 35 48 68 70 71 73 82 92 72 77 50 73 31 13 33 27 90 69 75 85 38 43 67 28 73 47
99 13 19 11 68 12 78 30 81 58 84 18 26 70 39 73 20 70 38 77 46 93 45 16 75 28 53 79 74 98 43 39 47 26 94 25 18 66 41 65
25 51 59 56 54 75 64 42 75 13 42 66 88 62 96 36 83 49 14 55 26 32 35 43 15 26 76 81 44 64 76 92 96 68 62 15 55 61 60 31 55
41 67 56 80 40 92 44 13 13 96 52 68 72 13 64 23 84 33 46 68 64 87 83 29 98 50 30 88 38 30 45 51 64 33 86 43 99 62 61 59 28 32
73 84 70 12 93 61 29 18 19 28 39 41 43 85 71 54 72 25 33 48 19 42 98 57 30 61 34 98 71 99 23 85 79 17 79 68 40 31 84 97 25 85 85
70 79 72 48 12 74 75 20 14 34 20 35 41 71 35 69 20 78 43 78 47 52 86 79 23 28 81 50 23 43 38 84 38 10 41 95 24 91 93 17 63 85 48 45
56 69 40 88 79 23 16 30 46 19 37 98 49 44 91 45 16 76 56 16 56 27 61 84 90 26 91 62 61 44 69 85 92 93 34 11 85 92 83 91 46 38 58 32 57
17 91 32 86 90 94 89 44 76 60 63 36 92 74 65 48 78 31 42 11 64 69 48 72 14 75 72 79 19 68 63 28 76 29 18 56 56 92 93 18 62 76 42 87 65 37
38 42 37 58 30 52 30 88 19 92 28 32 10 65 85 42 37 26 47 18 17 98 91 96 30 49 15 38 59 50 60 50 37 62 45 75 82 51 84 28 26 84 46 48 49 98 43
55 45 11 35 55 18 14 70 15 24 37 82 41 24 49 19 70 73 10 33 75 30 37 56 77 28 73 86 34 94 11 69 65 85 27 24 57 23 54 80 58 68 31 75 72 23 42 14
76 76 56 22 49 70 24 19 53 41 61 49 59 85 35 35 26 50 95 99 94 86 73 64 19 70 85 43 29 31 42 68 98 31 88 86 80 82 94 59 50 72 52 21 25 14 74 24 62
95 60 34 52 11 32 87 77 79 55 55 64 40 63 44 61 32 72 49 28 72 52 37 28 15 28 43 69 74 84 66 99 68 15 86 76 80 37 62 17 12 56 24 37 81 23 42 91 46 63
48 43 82 68 26 50 71 62 16 60 25 14 16 67 49 43 74 27 88 28 41 76 53 98 87 96 41 87 72 83 57 78 65 68 85 98 37 83 83 11 40 28 51 80 79 42 24 39 61 25 27
83 93 14 12 12 70 71 12 57 27 40 82 64 41 40 13 87 23 59 45 19 87 82 90 22 88 16 47 60 48 81 18 23 60 53 56 52 70 72 28 84 91 28 93 27 35 58 91 87 80 94 68
28 61 63 96 27 38 59 95 75 45 36 46 13 90 20 48 28 72 23 90 26 35 20 89 57 32 42 48 22 39 24 24 48 82 47 72 95 18 34 87 33 29 65 31 19 90 22 58 83 61 94 23 21
30 64 10 57 69 60 88 71 64 20 87 99 35 33 58 32 83 92 91 40 94 50 97 95 89 50 95 91 82 80 59 78 79 21 17 83 43 10 87 66 56 90 22 88 99 88 39 79 39 64 82 40 18 77
48 97 63 80 37 76 24 52 21 39 61 86 30 33 43 46 52 82 51 14 73 82 56 80 15 24 89 76 10 28 42 87 14 50 17 96 40 71 82 59 23 88 55 21 95 16 26 28 18 89 48 47 70 67 69
61 35 78 26 43 29 94 95 43 28 62 93 59 54 98 25 41 43 22 98 81 16 84 76 87 67 59 46 34 51 89 62 56 13 11 15 49 47 40 52 66 11 47 96 92 45 63 34 40 87 15 75 93 91 78 28
58 20 31 97 25 90 15 89 10 39 13 15 84 12 17 82 86 87 92 32 50 11 41 37 55 99 31 68 41 17 98 26 56 29 49 12 46 36 45 58 14 10 13 87 38 93 71 31 22 45 77 66 32 81 26 11 21
75 27 44 58 55 46 74 79 78 24 83 92 25 33 98 63 12 77 70 46 38 70 51 41 79 75 93 56 53 71 35 93 24 30 63 21 67 99 30 23 15 72 19 91 52 76 71 67 80 31 85 72 72 39 60 45 51 38
53 26 38 38 56 91 86 76 57 70 34 59 38 59 84 99 98 27 65 76 94 88 96 18 47 48 10 89 95 96 39 10 20 11 73 65 65 58 80 81 77 27 44 66 27 50 17 94 71 52 41 18 23 95 77 91 64 87 56
38 52 73 60 12 87 78 68 75 69 67 41 53 34 17 61 73 37 61 32 27 15 53 64 64 25 35 81 14 11 22 16 66 23 13 90 70 28 91 43 98 21 46 29 68 40 41 73 29 63 29 23 46 35 75 94 80 25 40 76
15 65 31 68 69 76 32 22 85 10 95 62 35 12 30 46 97 72 78 10 40 26 68 93 10 96 54 33 27 70 35 12 10 87 15 66 11 18 71 78 65 56 35 29 62 56 35 52 33 32 31 22 42 78 18 18 57 94 20 70 15
79 29 35 93 60 29 89 45 51 41 51 62 33 13 89 67 32 73 23 90 74 58 14 23 39 52 64 99 60 75 87 74 77 36 46 93 70 39 60 18 60 31 45 71 40 33 19 25 38 39 66 42 75 97 26 63 28 75 79 73 40 42
75 31 35 27 97 69 84 11 27 48 45 17 98 28 94 92 23 68 24 11 63 90 54 21 27 47 32 71 33 61 53 81 65 61 55 80 55 11 92 52 91 75 55 73 18 79 92 88 64 52 47 45 88 64 70 29 34 44 43 95 18 44 41
90 43 63 84 70 46 47 25 95 76 90 69 78 13 65 37 89 40 14 28 17 94 70 22 43 85 84 31 16 76 94 65 42 89 91 22 34 99 49 23 67 66 15 98 57 38 89 67 37 61 46 35 50 41 73 22 76 90 35 67 44 94 89 70
56 81 31 59 10 34 42 91 49 47 90 99 53 93 63 71 83 15 66 39 85 29 78 58 33 69 95 91 33 86 72 88 88 81 19 78 21 43 43 94 33 69 12 77 82 41 77 76 61 77 63 70 56 20 32 35 66 70 87 52 80 19 75 24 63
32 75 76 80 18 58 81 85 27 35 57 59 22 23 47 92 17 19 13 46 73 88 91 50 96 18 57 96 55 21 92 99 65 36 71 95 44 91 83 68 25 80 89 72 61 53 63 75 82 89 40 54 28 85 17 53 93 60 33 80 53 22 71 91 10 18
51 48 67 22 38 39 22 23 10 22 98 22 75 25 18 41 12 64 39 68 28 92 47 11 57 99 65 70 63 34 70 91 15 13 64 22 43 32 99 34 29 62 44 79 50 94 54 99 88 45 93 32 73 30 41 97 51 29 98 68 93 92 39 73 93 42 48
43 14 50 22 50 51 52 81 60 97 86 96 18 10 45 38 78 59 55 37 13 52 12 12 80 70 42 13 21 96 98 57 47 12 28 27 59 75 49 12 69 71 33 70 78 11 19 32 10 12 74 27 65 58 81 50 70 87 31 46 79 43 20 13 47 53 50 34
43 82 83 11 20 52 87 37 21 73 80 77 80 93 86 33 91 79 75 56 81 15 81 20 29 67 23 10 68 61 95 81 67 41 67 19 94 59 78 90 90 41 68 35 80 28 79 22 98 80 18 75 51 24 47 53 76 91 16 18 30 28 66 55 87 91 30 92 88
53 45 95 16 71 74 79 53 48 13 82 93 73 87 13 10 51 24 18 57 38 99 48 19 47 89 71 49 15 48 79 66 39 63 13 31 74 11 34 35 37 26 63 64 86 93 78 63 64 22 87 68 79 80 41 24 80 37 83 84 79 14 95 66 38 49 58 99 79 27
50 48 14 75 36 79 83 16 52 10 70 16 25 31 26 21 59 97 23 35 90 30 66 85 51 58 42 77 92 64 65 12 32 25 38 86 19 98 93 95 35 40 15 88 71 95 10 67 33 34 81 95 26 54 41 47 50 44 40 26 91 50 55 25 12 35 98 83 42 87 58
15 62 17 62 19 67 66 33 91 95 39 38 49 45 74 19 35 62 55 92 42 13 60 88 87 42 98 43 67 15 74 61 88 32 19 46 38 39 88 11 26 53 67 75 74 71 80 51 72 82 98 85 64 86 27 67 53 54 74 29 21 48 83 38 67 39 77 11 81 74 13 85
72 29 41 45 75 36 27 49 80 52 63 41 49 38 17 18 34 74 44 53 35 18 30 32 59 54 39 38 93 95 70 84 73 75 62 25 17 27 67 24 84 40 34 11 91 95 24 90 32 98 46 78 61 14 17 56 54 69 28 67 83 68 76 22 18 10 29 18 50 54 59 46 78
52 68 94 27 49 94 10 37 44 18 71 68 62 22 41 54 96 46 69 53 78 61 63 86 54 25 72 42 80 31 40 33 48 27 33 23 11 94 85 36 71 92 71 89 61 28 60 34 27 97 44 71 71 99 38 61 90 13 92 15 10 83 22 32 16 53 93 66 31 75 28 92 61 79
23 69 17 92 31 53 52 80 29 42 17 94 65 10 53 52 89 87 48 50 81 21 54 77 94 43 89 49 26 77 66 92 10 99 66 72 93 70 13 55 11 99 16 17 49 52 67 95 36 78 82 14 56 53 50 19 81 88 37 46 48 24 40 13 77 99 16 12 52 37 83 80 87 33 20
97 13 66 34 76 27 84 20 51 72 64 84 66 33 74 25 50 72 50 91 16 89 63 67 19 11 55 92 14 34 51 13 24 86 48 68 17 90 93 84 34 36 77 11 38 71 12 51 62 43 81 81 61 70 68 99 21 40 59 97 77 34 75 11 96 97 18 53 19 33 81 83 29 76 93 87
85 62 20 67 71 97 40 76 97 41 67 25 14 38 51 77 25 12 51 87 65 63 71 70 70 40 95 30 60 67 28 36 14 89 21 54 28 70 98 19 89 87 39 49 69 46 10 76 33 38 50 33 36 69 14 72 70 64 94 63 66 99 41 88 39 21 91 18 86 73 55 30 49 51 10 58 82
32 26 48 19 17 67 68 79 13 90 35 76 13 19 87 77 44 23 55 28 83 33 13 96 11 60 34 77 54 92 77 21 95 47 12 62 87 90 83 16 30 89 58 59 86 74 40 92 49 10 43 92 32 94 27 87 64 75 53 91 23 43 54 23 25 42 81 46 39 68 88 84 21 44 15 57 63 80
72 17 47 67 10 72 80 60 88 66 14 55 60 81 65 37 63 22 57 49 71 21 64 70 23 63 91 95 78 13 50 35 21 10 82 25 61 60 34 50 76 44 38 19 65 26 62 72 42 51 57 84 77 38 46 20 60 12 21 73 79 32 64 31 85 54 70 96 36 48 11 13 83 91 60 85 98 69 23
38 39 18 64 73 59 39 46 39 47 37 82 85 82 23 92 28 93 93 28 15 97 18 58 51 53 25 61 62 70 88 86 85 65 33 79 25 13 45 24 58 25 70 33 35 90 88 64 83 35 88 21 42 66 40 82 82 61 76 25 50 81 17 37 73 58 73 45 21 53 62 21 59 84 32 33 90 41 24 98
