100 32371
12753
13350
14794
7467
1934
30335
7246
7213
11542
23420
13526
9044
12200
27890
4408
18216
22398
191
25635
4783
23121
12615
27581
25478
5920
14885
11146
19503
16174
3354
32144
28845
4170
13129
16057
4430
1106
20135
6776
14281
6650
20397
14767
14984
6858
13136
22737
2631
614
23858
2372
32222
27410
25114
8713
4187
9077
22178
9118
17748
20893
30255
4899
10108
18244
13862
4285
5491
27474
6493
11576
20707
23715
22480
17136
968
12809
11926
22001
12303
31637
27667
16221
15715
26898
3182
10254
6468
14803
31301
5757
7513
22959
18336
5090
12295
20297
29476
11421
21314
24469
3466
20437
5539
2711
21327
21087
6587
17774
3756
6369
10152
5522
21960
11575
31973
29018
31021
17173
20071
2497
13944
28654
12517
24937
853
6677
23415
21728
1195
25379
30818
30755
1556
4504
30770
28000
1424
15813
6922
6400
10106
17897
9273
22245
9915
19866
27661
5360
5437
19558
17388
30407
163
28603
24736
26325
20279
21508
16115
14482
26915
22805
13948
16388
485
5577
11960
646
5629
12009
10845
25800
28904
5456
7402
31255
20306
28493
16003
22750
29064
12617
20988
6253
12844
10666
4404
23546
29996
1015
13220
3813
756
1852
17207
13889
9187
5040
13148
31631
4092
9109
28250
21708
1759
21344
19685
28079
9207
13594
11246
13868
17140
29446
5311
14908
2172
1412
11078
9952
25373
53
22193
8291
6279
14944
22588
19936
13048
22164
17479
15877
25335
28047
4524
2326
10565
24671
13135
21557
23825
5575
28663
6624
25195
9956
27740
23483
9467
16144
7041
8592
10995
13063
2371
27028
21570
4937
13106
28140
6667
15807
25505
25455
25173
12960
17145
5550
15364
12438
4947
1073
5896
23581
19013
25860
19668
30252
31995
12403
3345
26136
21130
6673
660
6837
28802
6911
17550
1726
5570
29034
26627
15479
22417
14678
17790
27792
13546
666
18178
19533
29718
2092
21059
9956
32385
27807
8982
7719
11974
8170
10791
24162
17676
21099
17386
18823
30101
6444
23508
23944
17812
10084
20426
23045
10815
16705
10202
26919
7718
19428
30249
20428
8387
7854
29484
26852
21586
31162
10779
28698
11747
17834
18851
24504
27565
167
27868
26052
17829
31907
28794
13423
3151
21217
10311
12721
10708
12472
2257
18989
14678
24980
6495
27482
10368
14909
16938
26852
5985
18780
19146
20816
27258
28987
7407
30176
17173
20172
8017
10678
20953
4589
15594
31803
14236
10986
27746
29378
26744
28995
19403
1385
17697
10160
9358
25408
24181
355
27557
16814
5973
3213
4619
15120
6324
9763
14705
162
19437
23266
8499
25507
20314
22929
24458
31156
6434
23174
15107
24706
15442
8299
14384
25764
1072
30274
12189
4039
22988
20135
5
25096
10199
26709
12486
15009
12472
7148
6291
13256
2781
14066
23657
30164
14159
2071
23236
17826
1674
189
22290
21047
16267
4023
31080
1446
15658
6481
30324
23860
30122
12433
29619
3259
8335
30141
31715
29004
28335
15901
6076
5912
2188
26882
24283
22161
18145
1544
5375
19660
22907
12439
10103
13098
20554
17584
7899
23095
15032
20710
22779
19410
20793
27050
7957
22671
23844
16844
27723
5209
21185
11327
30803
1628
20899
27421
23153
4130
32568
28650
22690
20475
28574
28957
14106
675
4280
30940
7153
10271
19330
20744
23322
28648
20385
28793
16020
12363
15679
19851
7908
27920
8469
14809
24514
12634
30409
11080
9491
16590
9595
5704
21527
25591
10907
15702
13540
21481
26365
6597
18451
2341
16943
16831
9401
29117
6154
28551
29337
21177
9351
3584
21655
22712
25044
28275
22384
7131
3239
2957
14505
6878
17107
32167
6597
29064
28697
1099
29627
20038
32064
18675
24231
27411
30055
16147
448
3482
5531
17754
16266
21151
31397
27701
29261
18587
24869
1430
19653
7590
11237
25075
13083
25754
9319
24209
8212
13686
10688
10498
27273
11520
16809
23533
32535
4015
16340
22797
25111
5063
30588
1148
3536
5830
11072
17714
236
16895
12081
28360
4393
25221
28970
30850
22097
30794
23392
9613
16748
16520
17721
645
13364
16224
26210
23611
11465
3266
28
5044
22950
26764
12502
29557
10708
23030
9729
27133
11613
24109
8224
19860
23044
27198
32030
3395
2099
17462
15589
29476
15413
30599
13356
23516
4005
26798
24976
1893
20263
19475
6375
26385
8278
1073
30929
3275
17405
10998
24207
8096
18569
19053
19481
31103
16574
2202
29802
21053
21162
19110
25119
7132
13015
4924
27712
29709
24517
8242
27998
20211
12695
2924
28894
16170
4621
29437
19092
32520
28850
27792
19604
7971
18263
18439
3908
32275
17087
25953
32694
28025
25500
8673
10293
10304
11194
8300
26398
32290
11131
28980
2034
22638
899
23699
29352
31753
11956
21817
25928
11443
10333
21898
27573
5516
17070
11330
2506
6871
16752
31835
19369
30973
3315
29744
12368
21717
4423
32738
8814
8482
7598
31483
29556
32094
22610
9553
3310
29110
6708
24366
19476
11349
18277
28845
15260
9189
30584
24679
8147
17235
567
7503
2284
723
17557
32731
24472
4645
12772
26213
8151
30742
1352
28880
13837
19273
10092
8046
12888
26679
7283
22817
17953
18549
3634
7361
16369
24374
18076
25022
31110
7952
11901
27655
27687
3331
9324
5930
24372
1207
16378
23740
25857
4613
21808
6651
6628
953
19513
22706
22925
7062
8539
8029
24214
32667
8492
3214
91
20613
13570
16783
780
2453
21419
24649
11777
3475
27230
8292
7245
1299
20978
16304
31637
29175
9294
20932
11555
7221
1569
13029
32054
15323
14547
8745
25756
1104
2235
18139
2179
29916
27538
9506
27789
4714
25383
17886
2850
28301
30805
5587
18442
8130
25138
16393
28987
3829
11658
1906
16879
15942
30860
25550
7162
27916
5826
26060
27483
15642
12615
9842
26641
15682
14132
17854
10800
32024
12891
15502
17459
3576
21560
1469
22420
5451
20260
25231
22426
21509
20428
15951
28275
18290
10978
30006
14466
18227
4882
655
18938
17540
27448
23065
12972
3776
2256
28845
29725
16678
31405
14368
7644
15837
10223
4715
1042
23094
23343
9
17499
8242
3580
3489
3284
18756
2187
17637
22902
22103
10666
9402
7074
26899
27382
25753
32764
16988
30030
1845
18045
2588
22919
94
24772
17475
16737
29221
19117
5900
11450
17729
20773
18049
3842
8369
15165
2369
24815
1187
2429
6785
31346
3221
16250
11601
18665
7354
27562
9504
13718
32415
24952
14211
20560
12558
22932
23346
4728
28467
27789
10323
20015
13053
7073
3580
7622
14023
23508
243
26486
14904
22335
1976
18770
3687
22699
18373
377
11587
5470
30740
9872
24627
18741
23778
17520
14841
22771
12467
12571
26588
28377
7830
11765
7686
17783
12714
10545
9003
5313
24033
13193
16235
21861
1540
32306
4730
20060
8951
29967
5374
8383
28735
18725
18744
17885
16833
32591
24295
13194
26316
22322
20073
6842
15962
7796
12068
29774
24723
17449
19748
20525
403
16526
16901
6807
29037
9466
5396
19382
23920
26641
9905
13686
13993
16955
27384
25495
25000
11861
14240
16897
4999
25254
10530
32087
41
22036
25374
20942
15808
9623
12283
15424
402
28143
17359
16764
6652
28050
9854
16353
18871
745
2341
32555
26714
23227
2745
29324
27680
25322
12267
24831
16620
21853
4687
26585
4234
28477
2750
2976
24632
10340
23289
19233
10085
32530
6798
26813
17336
11234
27392
24068
28244
20989
14114
11653
5723
32654
452
1763
17584
4726
1937
28972
27906
21824
14392
28519
20486
26711
19146
21356
21251
19318
29027
13049
28820
7009
28685
13057
9898
22483
6881
7495
1488
17847
32624
29740
17843
16794
15713
30917
737
5729
21083
22321
2513
11319
23845
27946
21284
9162
7179
24281
5418
12727
10884
28143
3752
20034
16915
18161
28376
3403
619
14547
32434
12926
1238
2761
28522
21961
16087
25690
29242
11283
30734
31670
32097
18475
22365
32329
25196
26622
19273
26512
6580
8718
20899
14892
26408
1823
25191
20277
15436
3123
484
12240
31618
20665
15901
11524
137
5378
7024
10697
4675
29940
13429
19298
8635
15106
4393
1005
31334
24412
31052
11065
18345
1890
17927
6615
5020
6495
30418
31348
8974
14452
3477
17766
21193
15570
30221
6788
23062
31788
31858
27963
5764
30317
5975
14046
17638
15014
2257
9022
19355
6218
6875
27515
31250
28829
31481
21273
24972
15466
31004
31574
11044
6644
11718
187
3853
30512
19310
5874
20764
11313
7974
5847
26246
6628
1147
13009
10474
8445
20637
17763
14994
1329
30912
28158
32758
4262
30657
28698
21121
2984
14093
2181
20632
23709
32447
11514
28377
25659
12552
27125
11936
27128
21716
21190
7632
11458
13226
14308
976
27633
3796
6021
24531
31866
12225
31851
7261
15973
22439
16129
7171
1665
21100
23718
882
20566
12487
22857
25778
19547
28067
24374
12204
7785
708
4399
3050
24688
12460
17087
32671
15721
32192
2763
2023
14475
12455
25706
1615
29890
18931
20983
10136
4189
16643
13924
10168
26886
2087
22736
5922
23544
7174
18012
1351
22124
8765
1595
13405
19028
23369
21513
14943
23372
27559
21598
13141
22478
16441
30626
26837
21157
4588
32547
4810
28836
19608
22628
5492
16023
23848
17081
24752
9082
11002
29456
21626
17129
16521
10770
20144
25560
26441
28779
17944
12164
15058
28005
5797
23721
30529
3004
25334
6902
1755
24750
12064
21182
4852
2385
6317
3312
7184
29225
20453
5961
23879
15610
13900
14536
32494
14555
18027
2659
23667
8332
10451
18424
24969
4873
6752
11654
17029
31327
1979
13469
5128
21695
546
17939
1503
5073
29036
13305
17703
1610
10055
4045
18869
32705
14277
12529
4789
12991
15127
32604
5776
28949
23704
22160
27156
18034
23309
5324
25295
8500
24106
10882
14523
32127
17753
15883
27425
18060
21432
14234
27831
25156
23904
18799
23307
6926
23021
18509
17701
23525
59
26669
17768
29357
20333
12596
29370
19655
10548
16611
27877
25059
24910
11150
2108
16661
26188
4623
23681
29740
26521
16315
15110
11583
7352
25749
20499
29320
4557
16322
29576
15477
7519
20029
27843
14845
25436
20940
11716
12081
2397
17459
18831
8723
44
2727
10706
18858
1668
32133
18376
29526
18711
6212
27741
21090
17365
26025
15251
28120
18540
31801
3876
8345
19979
7924
25705
24492
28268
22080
24954
15063
13329
5412
13719
19308
7630
16054
22727
1382
31623
8151
28350
7860
2107
12573
20740
213
25921
13585
1108
30885
23250
1691
7491
6263
456
11194
22562
99
15013
120
26660
226
5591
3614
16836
19352
4411
25252
25697
9840
20191
31851
26411
21742
10508
7727
19779
11201
18308
7991
25886
664
6664
3022
14123
30775
23581
10743
18357
15562
1552
13917
12298
22137
20280
28041
21213
5180
9595
13655
12265
8945
15891
31403
6871
30892
9106
5984
22882
2638
25892
21633
27833
32601
19221
23740
2596
22530
13459
13075
1771
14728
692
469
15220
21701
13499
21965
8619
6915
6551
6585
12966
13584
15020
26110
18314
28821
25558
30873
424
6051
27819
26969
32236
26255
9985
28235
22392
5120
5809
17526
15756
8006
22170
4297
8361
22765
20200
19794
15094
22930
8342
5809
30690
23286
27185
28107
32523
10065
18911
16835
26207
4841
16545
22054
20352
13282
23253
22885
29805
19544
16895
16265
26464
6827
7112
13602
2546
1050
23111
16000
32645
19860
24960
22310
7907
22218
9770
9596
10019
2953
10678
5828
15309
32583
30604
30543
27710
26364
1944
23281
19021
25907
10757
27058
21550
23648
24648
25798
13719
15220
18273
30656
9250
30895
30557
10754
23283
11957
31776
1144
31130
4069
19297
16262
19002
9190
23542
3390
13035
898
16978
21463
22110
1720
30284
27738
10176
6412
9762
14751
30176
10274
15037
11128
12691
24715
28982
556
29528
11487
11674
26151
1080
11020
27370
10223
28144
3053
27750
15450
22098
4383
5131
18687
10729
7440
603
21738
23004
2392
25436
29076
12564
14157
3299
28690
1185
3793
21010
30348
17242
24431
12320
2545
10436
22439
14424
24553
5942
1669
23397
3339
23866
7033
31180
25425
27189
22626
23994
5320
13899
27116
512
28300
24957
6684
19036
16372
19988
4393
4346
16906
14915
6286
11578
4926
7432
5213
22452
7003
19027
9942
3962
27577
8810
12856
25756
28597
20620
11479
19442
350
23764
31599
24597
13937
5473
17848
13231
31112
4788
31034
6389
17294
23385
28259
625
2422
27338
25559
24837
12844
8080
17415
9005
10444
21675
26885
14724
24339
10804
21143
17546
21523
16705
650
20388
29482
28425
29512
15716
24372
11081
23725
18699
32256
15846
15127
16716
22529
28627
19644
24659
8262
17205
31041
25862
30892
30405
22408
20875
18003
22646
17865
29450
10830
11097
18404
5812
29343
9405
8181
4100
5986
17562
21801
29764
6216
3376
7377
12116
20039
24043
22965
21927
1424
30090
9643
22414
29634
24448
6504
31161
24157
20634
18069
14074
1401
14051
6182
28493
9912
197
3303
2070
11385
24432
87
25001
23886
2176
30138
17935
8113
15065
6506
13576
9714
2774
27758
12620
5748
14756
20045
29462
1049
7144
22820
9187
19195
21416
17399
1911
9565
24936
16197
13858
3297
20627
32735
19521
15355
797
27642
13063
25509
24679
7810
26238
26964
27491
13489
23752
16683
1016
6625
29355
14447
22440
17822
333
17468
17776
8192
315
10358
14575
55
24240
2817
16587
31080
25365
18229
25681
27064
22468
5516
31835
32678
17937
23454
4983
10653
30859
14416
4421
9161
8575
8264
13601
6187
19134
7844
9218
1256
29344
3563
3490
23783
31305
23875
11488
5786
18731
13797
10082
7452
18892
5327
4222
22397
9162
11448
4955
14938
22300
9289
2131
6064
7322
1162
31132
8433
12224
27547
23336
20312
26031
22436
31177
9850
13684
7694
26009
1311
5517
25332
23449
30799
21161
9428
29336
17584
17328
12427
3927
6671
32515
4480
25578
9532
29957
21023
32353
29723
5082
8329
10920
24568
22639
11145
11180
29211
28858
19403
4031
30364
21315
19784
9278
12665
28643
27909
19569
27110
24011
24317
16306
16356
10953
28763
29394
21
12231
6637
12472
27087
3733
5846
9803
7023
15592
21379
26003
6384
16546
18656
9242
8380
339
6091
14489
17089
21248
30921
7120
28104
7716
21495
28854
26370
18677
5444
22482
24548
17896
4318
4585
7733
27511
3050
13785
27238
31010
15736
32197
14369
28084
23478
28530
15652
4807
2403
25585
27216
24970
14215
12927
31485
9410
20322
681
3729
31759
14498
2484
81
9329
4057
14139
29047
10762
8493
5402
14724
26406
31570
24203
12503
29816
11957
4751
2431
28326
3322
1424
10830
13577
31913
13892
16430
1454
13604
27092
31160
6816
30429
21310
8451
11369
5061
18936
1978
32214
23560
21462
31090
21755
17143
1581
10298
1399
20549
569
18291
28665
12663
4284
18658
6915
32662
8424
28675
18670
3367
11903
12192
12079
20573
21305
1443
13016
15756
1894
18729
20066
9697
21972
7895
1193
28241
1779
1905
1336
13007
1847
15528
26055
10690
3262
20532
5378
23478
16435
16675
27276
849
27890
31601
30788
10633
31852
30168
199
21013
16589
25065
14134
19489
21213
8796
11321
31558
1828
31653
3139
11449
15954
13000
4888
19651
5342
3693
22669
4209
13804
28215
23183
26508
21876
27730
26727
19147
5537
15691
21308
14920
23415
16933
2010
49
22201
169
30130
3008
16650
30205
26401
30829
6226
30584
12021
5474
22627
5557
20269
303
30685
13798
32000
11711
11342
21867
9761
24714
14750
11172
23362
781
20651
7683
17367
22391
16688
14949
32540
26022
747
11170
5721
13393
23039
23650
25700
8839
6807
15411
5736
30040
20428
23257
10726
28114
18889
19941
3065
31535
22316
5258
15838
23884
11696
28075
8883
19293
17929
21560
23167
29408
12048
5563
20083
25295
7200
14126
21104
14106
12992
7184
32713
6228
23426
9144
11593
25516
6699
12520
10360
3872
12563
20389
5146
7661
5071
27974
4089
14666
27918
22220
3556
16725
15297
29041
30712
27214
19327
24964
3102
14851
3111
4979
4309
31115
3271
23338
18226
28471
7612
7579
15908
29894
24091
14494
27389
15832
14416
7420
11054
25254
4613
20166
4946
751
13126
16364
12143
5430
10466
14602
6264
13866
9748
17541
790
3174
10594
20439
11175
5210
26822
30503
17288
26761
18700
12061
17295
23030
25723
16628
18396
27864
25783
19665
22738
3477
13286
18003
17760
4590
18706
8043
29317
23159
5070
5486
17427
10315
19229
21608
691
31485
9103
25780
25385
2770
12461
5833
4825
13101
30103
24919
28042
24906
26860
26003
16491
23343
28650
3534
15955
29408
5335
31309
2381
31187
31903
12373
30036
2211
24510
16261
26715
28424
2656
20841
31633
24583
10183
22347
16866
11878
23790
19020
22465
11619
30316
12724
8229
2470
11674
25479
21201
11891
18680
13145
16345
2852
7117
866
27746
19671
10510
27605
27817
24676
28033
27758
8007
20626
5410
23626
11699
21642
8134
3068
30216
8843
14590
19933
16904
23264
18238
22691
28513
7951
30271
14390
27952
10580
16545
16575
12996
30797
15573
14337
5028
25335
12602
10476
5331
10457
13190
5487
10066
21119
22376
31375
27623
30250
12396
23222
25629
13510
11038
16973
13452
796
370
31372
23642
4937
20067
24209
1538
29295
1243
1712
21844
11946
19923
15883
22206
6470
4539
30306
29641
31023
12572
11820
4326
16808
12412
31974
14443
8512
23426
14763
30425
32002
9050
28677
19552
11245
15451
5891
22437
1700
16103
16011
7618
8038
20371
9970
5006
13887
4744
30410
19488
15744
28202
763
28814
622
24823
23830
25850
20023
28337
7141
16080
4906
26815
4679
28745
31270
5585
26682
19764
25683
31939
19002
19701
13585
22212
8906
11726
30766
27831
4688
23901
14428
25561
6437
19046
6626
15780
10221
979
3473
3828
2596
18681
12282
12905
24314
28445
10462
31244
5217
16439
7910
9269
6244
14069
5012
6060
13498
15363
15226
11022
18587
18570
9898
31602
21714
4599
19821
5709
3604
8957
21816
31379
27024
1501
8667
13599
22471
25573
1788
7253
8606
15926
11716
28422
7089
9163
728
23187
9195
2231
16523
11350
7508
8878
26962
12861
24105
28359
18040
3768
17458
17536
16146
982
25424
6659
6966
31147
598
23976
1896
17396
23065
2234
27733
27390
19147
20350
28356
31683
31620
4721
11209
9046
6178
29906
1339
6530
8531
15456
4713
7854
752
24165
2313
4356
25741
24051
12913
23763
26702
24430
16650
19505
19452
5450
6657
31204
8279
27158
26431
27523
2734
3002
1436
5848
17582
15357
9039
22153
20088
2634
8873
4599
1782
23219
5380
7271
7790
24118
25078
3936
5975
24639
28362
9299
18796
3439
23088
20866
6912
6044
8243
11802
25745
23321
14956
24994
12959
26935
4213
8857
22974
7179
19617
2139
4331
6002
26858
13381
1564
23379
2091
5657
8475
19236
28560
20388
26771
20144
13386
31646
15723
28695
29063
23505
24660
6934
6817
12926
30110
24968
15765
19196
31568
26925
18872
30114
25975
26283
11941
31463
21694
18898
26490
18888
6975
32548
17988
25962
921
27285
5047
22017
3651
32655
22307
8432
6432
6713
23203
3122
9555
32249
16280
12536
12116
7480
14165
8595
19779
3685
13340
9877
1917
21052
9802
22323
8046
20296
6606
4334
14502
9894
18399
4723
6190
17933
28911
15807
28188
23307
4826
17798
23909
2961
20324
18902
13811
6066
5858
10232
5367
18600
27447
407
24449
20760
20226
16163
19278
663
13590
4472
27104
31852
1067
14011
27092
14231
723
1669
625
5139
16303
2372
15741
19289
18914
7902
4948
27685
19910
30871
3387
17276
27102
27188
25073
22254
20492
22112
16519
21529
1796
14928
15730
6510
24577
7331
5599
15416
29879
25484
15686
12249
16776
22066
26946
29271
12282
19799
4000
25112
9577
22328
2741
8426
27129
21173
22517
10311
31695
17842
9410
29398
8833
29373
7554
24372
22218
29169
13044
12277
21123
20762
18884
19686
23758
32538
2141
10645
9877
1675
14078
29972
19251
23461
26128
30457
18800
16738
20151
15785
2227
2529
8615
471
15987
13832
14393
25415
18415
14446
23485
25304
19487
24440
5906
15809
14826
10946
18037
3611
30361
4032
22935
21664
20620
29093
31730
20402
2603
20611
5980
17311
4384
29620
25821
6179
13764
4986
32702
28462
30422
17890
12002
6376
13683
13038
22618
2290
25922
21490
21299
12527
3312
16959
2962
25668
10972
22783
11524
10523
21011
11872
18191
6830
4990
10229
8205
16578
1882
11865
10810
113
2793
17429
20235
2605
1639
963
1217
26882
20288
18804
25151
5915
31360
2896
9496
15240
13195
9596
24045
30015
27406
7489
14070
22368
29237
8042
2270
31421
22047
15853
12756
18585
3983
12494
25311
25264
23268
7745
22385
19576
19531
11791
11072
14759
29747
27706
16977
9717
10241
16100
30549
6691
17157
29549
1081
16956
29613
9948
22777
14619
26873
3456
21685
11565
29743
24023
5382
17016
29392
25262
20370
21980
5322
30858
27102
1433
21231
31303
17252
8978
10662
24831
26086
29137
27617
6957
4097
22474
16975
24338
19973
25316
10962
31832
5380
18357
3123
28918
5161
15757
12821
17747
12363
23479
17703
29614
24002
23547
5022
24253
19578
26215
15843
7060
6726
19024
7048
4809
32630
18579
27777
15574
10667
21280
10897
32190
14570
26042
3842
25588
4848
23544
8345
20088
197
26768
24009
15939
19092
4564
22311
22245
17850
22397
19998
21101
2333
26024
11236
27785
15295
31006
25772
2286
12691
22744
6942
6394
19087
2243
6148
1176
18434
6592
27206
6757
3112
15087
17176
19217
30715
28717
25202
13319
23373
4571
10176
15696
11028
31202
6876
20148
29189
499
313
24611
12132
14100
21345
26964
6170
26200
9889
29868
28168
26349
24322
22881
24987
17756
15740
24799
12704
13325
7783
23403
32090
25866
31794
26630
31954
12548
2647
29588
4975
12187
31886
13117
28870
9434
20034
7700
13235
26625
7745
10742
17321
10120
29367
20405
21574
11872
31069
6774
18219
3708
6126
18008
24586
21648
24795
12887
32512
10521
16447
10607
21798
669
29973
18180
18275
19764
10921
31361
29572
11079
17996
28224
2958
13208
15692
21930
31570
20610
1827
26271
3139
9347
32751
536
31621
6135
20258
20490
13894
29734
9851
21134
12369
12161
27957
13376
2272
20265
11134
21988
29106
433
18986
24400
3166
22309
31401
22406
12775
14923
23350
2080
22672
3880
11090
12273
3058
6854
9329
18665
11083
6197
19187
25913
25113
7888
19285
26552
3816
15809
14249
7045
3176
28872
14659
28398
4290
21048
2742
21905
5932
11842
19967
5569
1980
23413
4863
1324
4473
31878
8751
30906
27320
3917
24463
27576
27558
27921
23007
8757
14113
8197
23058
19116
26060
12818
1792
25316
26466
22743
29019
25621
3658
8943
7140
31308
31084
2674
21470
19216
20548
4286
28099
3910
1332
18295
14903
1106
4639
27340
18234
30847
25395
28924
16801
30369
25606
13081
2759
21753
25317
4877
22144
11096
15977
17114
25934
29831
4426
4390
11992
24295
20600
24310
4247
4181
3944
8890
21715
24912
24236
7306
9678
21342
30919
8111
16703
18091
12607
5477
1
13044
23028
7391
1549
26531
4783
27788
11942
5948
14078
22681
2259
12791
24128
8887
30738
21423
8700
30494
19787
18682
7799
15057
27651
28570
24965
3876
20434
30228
15263
11900
1559
16030
10038
1623
28650
26942
14919
12940
24658
18737
22064
15827
27320
18826
2498
19335
30108
1307
22935
3755
25991
5528
25253
12844
29761
24058
2836
5733
2115
21538
13645
2024
8303
3519
10580
21372
10239
5233
10327
23394
18108
17711
24199
4573
368
16102
10022
31985
16029
9314
22241
10090
879
13682
97
8992
31984
839
26397
122
10619
17438
5234
24369
13939
2591
17141
31830
26164
24964
5128
24983
4682
6653
17323
6590
7650
16211
20117
3706
27773
1356
16004
29538
12524
10960
4305
25143
10360
6217
27463
3177
5729
15696
4917
9693
5002
29061
23234
27886
1650
23742
30849
29618
22374
10853
32069
3710
13557
3099
23607
2988
31909
20385
14629
6299
7140
3065
28957
30712
32065
10696
4411
27964
21980
19199
12223
374
26395
21946
23394
1355
2207
9833
5355
29755
3703
11565
1789
7462
24467
31365
28723
13326
20603
32553
29551
12574
5697
822
17006
8427
26035
6284
22176
18939
4822
3188
11319
19332
17552
7303
13182
6517
4261
29387
27757
31162
5093
11550
24698
26300
23203
29656
28337
31528
11624
25516
7687
19186
5609
20175
27116
19865
12343
6492
15647
15788
7222
13560
3782
4493
9040
32690
21950
29045
26218
2604
17968
20152
10263
2304
3429
75
1804
30045
32731
2179
15573
8433
28056
26655
13510
16652
4286
8841
3891
13570
19040
22361
25828
3025
8596
5403
24259
3331
14537
18770
30168
18646
11611
29117
28535
29595
5477
29400
27064
4188
4055
14246
3112
11969
6856
32430
12478
16436
9229
30787
6417
18500
2058
6665
967
27719
29384
19381
13905
9796
22344
20756
20182
7952
28951
5455
29292
29622
1059
15213
11150
27164
20173
6169
3275
22756
25151
30886
27579
18065
21760
23376
18487
1003
965
31941
13257
17828
21643
24292
19810
315
12258
11460
9547
4385
9356
8184
7518
25627
26950
19217
6518
15335
12518
28005
5156
16162
1190
13327
27556
25193
6336
3127
31503
27839
20283
27284
21457
6958
23812
11310
11102
10161
17728
29801
20769
14162
7905
11327
16565
29584
22647
1741
9304
21251
28233
12049
23453
21827
18085
754
23137
13829
10356
32640
29695
23431
17
17022
26312
1071
26204
17694
15277
30575
7690
13323
20031
15851
31551
2220
4314
9438
26974
18344
24860
4281
800
2213
156
25358
28899
11094
1497
30637
325
23988
22897
32013
12274
22411
5012
11245
3770
28473
19895
8762
17639
27570
15501
25908
6349
14280
9779
20173
14242
23210
2219
27217
12176
22954
1163
1100
20489
26435
24566
29097
25691
858
13772
21015
31876
28868
9502
20913
14407
9225
5349
11741
18559
3943
24563
372
6836
28698
32041
7204
25324
219
30699
26899
30659
13735
19665
10437
13502
25793
32415
576
22237
250
30584
12142
1903
18736
2638
18626
2346
4373
10397
29726
15227
1841
8281
31477
26651
7211
30245
2989
3811
28484
12229
10823
9185
25636
8918
5185
29611
17881
7100
7099
8691
6941
28893
15834
30300
4055
22029
30826
27532
6117
1096
8903
13443
12057
2471
19965
11307
23169
21901
28718
25392
20204
21793
24372
16401
24745
13314
24200
25976
8338
5430
17506
21191
19018
22627
31266
29427
26562
16193
23535
3477
19970
1871
15262
20030
22310
19397
2773
22027
32166
17354
28784
2938
15579
12520
19747
7292
23231
4541
29537
26316
32501
27891
5757
14974
15113
18546
13584
10971
26616
8403
666
24940
31987
29976
5228
10069
17248
15003
21957
6373
3106
19781
1851
14186
18970
12288
19804
19786
13805
12655
4758
22607
24328
18652
16468
28227
19938
16242
4970
20413
7041
31148
4019
7482
8768
29965
22264
25199
11215
19986
26388
27614
16507
25189
854
6824
31664
25427
19751
10914
2492
27776
20461
7850
13013
29401
1071
18236
5982
8139
3577
5952
358
27826
14978
15142
28530
4757
268
9781
15484
8720
2828
2592
2363
22417
1931
27867
19109
32712
19916
20652
8627
88
4911
8837
24676
22739
14421
25233
24580
12261
29061
15117
3246
16591
20046
31065
18960
15639
25710
7503
5486
30334
8691
29395
2281
25907
2720
27051
9218
24134
25746
8082
32090
3679
6180
20615
16827
3248
18191
8555
9308
6696
24278
30923
9313
24810
10849
23035
19362
18429
9959
30308
19117
12101
8210
26910
5646
10162
22366
20674
26830
31671
15043
15225
20537
7166
28307
6489
9444
17498
11941
10482
5359
27901
19123
4643
9096
23531
16897
9011
16816
27310
16959
25628
25666
21579
3505
29738
15153
8054
3213
26053
28177
30978
3493
3211
473
4763
31301
29091
19431
22967
351
25165
5700
6858
32229
19645
22826
25785
7287
24361
11715
16530
1086
7457
24116
4474
1816
24351
14042
12519
7413
28767
31955
6927
11905
16112
11713
16288
29443
21004
27850
19121
25988
31397
16612
31224
5429
29248
2127
21054
21771
23558
17762
18705
3756
23576
10379
14009
15502
14628
31634
9325
20317
15414
21021
19142
670
17104
9081
21619
25747
14140
12695
14639
5470
25377
24917
17648
360
20565
26623
8033
6916
11250
29206
26515
22352
24492
10064
14319
29276
21857
12255
9840
16015
6386
7926
5391
838
19538
26250
26238
11965
8668
14422
27416
24371
20714
30753
6681
1865
14499
9027
27402
12716
9492
20838
25472
10227
27267
12938
11526
203
19199
11852
18264
22865
23100
2151
10962
15807
21406
11899
28455
1355
5780
4877
19030
9548
15655
14799
31706
16287
211
22818
30753
28745
24981
13530
26688
7773
17221
5697
20965
21537
29990
1374
31629
25196
22460
10103
24823
21330
5341
26324
19416
28675
7691
18374
25808
24049
25857
3816
20637
5937
652
7333
11663
16932
16284
8698
1339
11350
13467
4733
1652
27814
29437
30623
7031
28840
27929
2350
12390
31047
4151
12062
15864
19119
17642
20616
27758
4970
18848
5107
25289
20168
7031
29907
5690
9861
24914
21071
11738
6054
3373
23367
20123
24228
10157
31638
25470
28364
31227
11924
13831
30950
2515
23263
27375
17685
7128
7004
14104
25598
12331
6520
24774
31532
11579
23732
24843
12467
11487
13152
14723
31252
8098
6310
21058
21089
14941
15307
29707
7074
25100
3250
12994
12150
2522
29090
23588
25342
14206
2632
16054
502
8650
9216
23803
1317
7553
17232
24810
2040
19562
26293
25503
16746
17058
26275
23889
1062
5686
5831
20868
2544
3313
3215
2944
3649
23667
12012
32513
31793
12419
29527
8496
13210
27559
27666
19922
10619
22001
2992
3264
26522
11803
16855
19351
12142
20695
21829
24496
17467
27232
7953
25683
8319
26197
2867
18727
6797
4551
583
9453
15480
9105
8334
8302
21298
7911
24118
3506
30965
17458
3291
32627
7906
1051
20045
29905
23017
10470
26772
27976
30440
10754
6961
30942
6679
24030
22951
6305
28067
32254
3898
848
9113
12621
20471
8793
20230
4277
6900
23299
22621
23021
4569
30701
4376
17554
18847
18103
10914
11642
6296
15871
5237
3141
1456
16271
1407
26420
15602
19156
13515
14655
11598
13203
1373
32353
13209
12503
10590
23095
30421
22574
121
3273
22963
22804
13700
10664
9558
3248
24419
17721
20826
11710
10537
3152
3349
19661
17793
31232
28188
21674
12621
8114
26633
13084
2444
13173
29052
31185
30849
22677
31328
2969
32274
22127
6000
10706
5998
12675
1785
30243
2546
23243
29409
15470
21838
26956
5096
6399
4323
4586
6702
20234
14448
20864
32502
25428
11246
32048
9129
20272
26296
11512
25118
24493
12783
13446
29208
5390
22045
7758
18448
5754
4120
23769
20789
3573
19754
9824
12466
143
29294
11929
25135
30427
13181
13009
26010
2467
15434
3131
22567
9946
12875
15496
7829
8914
20698
10423
1204
27056
9434
30255
30244
25884
11165
15883
13407
27197
22789
2741
11769
17380
18666
21430
23335
11527
8124
27596
17279
20338
24170
5437
4350
6841
11650
12396
21583
1905
25497
14506
24138
6815
19181
846
21180
15729
27209
29960
22630
15660
21801
8562
2632
1894
18207
2280
3615
30325
3701
26778
29740
16935
2580
20703
17463
26804
16036
30157
23508
9200
18165
28166
485
16069
9118
21460
21344
24289
11748
31865
27986
5804
12765
14784
30756
21373
29653
23000
30749
31757
9456
22882
1833
21292
2833
31689
23513
29362
24571
15826
16810
29369
11190
22132
26250
4361
7733
14825
8600
27860
11317
21253
5932
10916
29544
26311
24087
5265
10707
22062
2604
2743
7284
12877
16383
22503
297
22178
13804
16029
8141
32164
18011
21042
5796
923
30531
28755
15865
19380
6893
28338
28421
31573
28155
20731
12819
32686
22184
6922
6114
4497
10577
4955
16971
11139
5685
