44
472
458 49
341 287 173
238 267 880 761
497 349 12 184 598
862 803 794 408 35 526
526 342 113 354 498 47 323
960 711 924 319 276 248 558 378
595 588 336 409 752 34 22 865 912
733 262 945 12 48 165 87 815 155 638
71 249 679 918 587 571 343 835 480 108 439
311 789 612 161 183 706 727 78 617 22 651 858
197 129 182 931 587 276 234 619 901 621 490 764 710
31 346 299 716 506 785 472 802 135 690 637 969 470 668
29 601 819 887 640 746 111 880 700 935 539 775 829 749 570
310 248 824 879 804 748 415 277 859 115 297 654 999 632 505 542
945 513 686 704 930 870 29 417 180 98 403 956 317 642 341 558 677
420 587 571 818 570 93 504 922 623 452 571 826 705 68 360 356 479 584
877 214 213 479 712 888 662 342 592 557 785 454 361 63 359 255 764 613 980
221 965 230 740 850 791 346 288 92 733 510 601 864 451 289 741 839 421 781 647
336 261 152 395 335 51 907 866 548 560 530 603 47 571 382 76 3 200 624 455 248
534 983 111 557 520 59 397 933 102 675 406 594 157 268 16 80 764 154 837 811 816 36
774 667 531 107 420 119 672 4 683 288 698 319 497 159 397 782 301 58 149 353 11 787 758
266 295 97 540 485 351 851 764 714 630 186 115 477 895 566 221 558 863 740 528 333 38 23 842
368 982 429 785 801 93 515 226 857 592 339 179 850 353 636 693 267 555 323 268 228 874 409 385 405
289 213 930 579 734 500 64 315 72 198 65 577 772 539 935 339 372 301 386 633 738 599 801 288 732 271
158 904 760 872 915 787 361 859 567 111 682 798 789 5 147 670 879 906 730 82 943 662 507 791 391 28 731
331 738 417 825 604 393 249 975 641 706 830 656 676 543 186 466 894 123 175 653 155 714 820 900 224 825 131 44
930 795 193 275 584 134 486 372 908 342 742 967 30 176 783 157 138 954 99 693 387 457 448 217 280 354 551 709 581
69 170 368 381 799 489 643 807 607 911 10 847 507 136 441 350 956 245 722 332 800 348 228 37 326 802 565 210 487 66
443 626 147 555 343 120 897 84 595 143 684 227 862 859 690 919 429 538 590 170 148 891 377 467 494 837 556 563 601 195 97
375 806 758 747 949 400 436 187 114 914 664 876 323 613 466 57 315 914 225 374 933 341 990 349 194 404 938 346 716 639 258 232
916 367 842 469 137 683 392 131 451 945 67 145 743 666 964 74 515 441 739 284 957 845 117 908 535 429 652 416 829 860 272 308 170
414 669 201 488 441 132 491 934 983 47 202 383 291 263 108 753 577 568 48 91 916 304 150 466 298 756 701 358 626 579 341 585 258 191
743 24 98 113 626 444 189 692 439 955 400 749 55 227 683 129 75 767 145 896 235 237 763 416 283 110 169 445 644 344 771 288 879 121 485
566 960 829 906 554 928 130 314 421 642 106 839 301 987 536 300 548 620 527 63 267 529 15 897 70 127 673 315 769 306 509 771 571 820 441 575
810 261 861 761 56 967 598 684 821 625 72 790 228 663 591 535 98 488 119 89 572 304 458 271 673 238 802 603 449 528 832 123 99 710 525 572 741
725 110 650 191 46 701 663 681 254 118 234 399 886 359 433 9 517 396 354 128 573 969 734 366 75 362 503 758 763 847 60 644 140 92 891 309 984 32
142 962 647 68 241 49 972 487 794 357 176 383 458 31 189 866 555 805 981 590 459 513 125 910 104 173 804 422 884 463 929 633 92 207 932 601 195 160 906
678 372 294 55 354 343 901 648 469 635 787 367 581 454 559 946 913 529 121 677 21 600 171 47 120 248 329 259 684 225 237 833 926 78 886 228 447 954 954 492
570 182 114 719 367 817 245 595 711 799 519 248 777 29 883 492 532 523 551 382 718 482 479 111 645 697 437 902 300 99 103 715 384 275 433 54 20 59 85 657 977
17 480 603 82 955 670 630 727 468 409 652 144 679 14 550 300 652 633 348 290 769 651 524 713 939 936 524 811 789 822 162 271 927 194 967 295 419 373 743 447 44 752
253 832 784 131 172 547 776 868 904 297 821 366 342 243 69 360 578 286 566 592 896 41 451 95 93 586 20 919 630 325 315 202 201 462 484 581 451 90 540 917 505 937 62
177 811 783 970 984 798 955 47 228 554 551 146 999 331 17 312 236 771 577 824 234 808 684 332 276 841 56 593 333 687 330 861 474 250 724 49 168 66 835 840 952 47 720 447
