100
243
22289
8551
12611
30276
17909
17783
23325
32221
18937
27199
22159
22888
11248
19409
27570
31662
29262
31332
16182
13998
9961
6402
26186
4076
10753
29824
29116
12044
13950
1715
13410
6815
31610
14817
18616
14141
28415
118
6602
15572
15890
5368
29525
5695
32240
30269
23849
24347
663
29660
17873
29654
32392
24289
16502
18440
20428
12997
23041
30471
7733
19101
18816
17078
12006
30353
32715
29853
4373
1424
23143
21823
2064
5954
32170
11687
22142
19006
6688
1861
20200
6782
8494
7672
19832
1039
11509
14444
32512
15885
8057
23206
6461
8655
15619
1757
26718
4703
17860
140
21952
30765
21178
17861
19452
9476
31192
13000
7203
13372
32097
980
18504
15154
2709
10557
22335
24053
19343
8639
5541
7234
20590
20242
26656
27315
5043
30910
4840
27699
7658
28977
6791
24501
3213
4367
8669
5670
37
31945
26982
1183
13746
26737
21440
18144
20301
19917
4967
9722
4108
18602
26052
30539
3878
3442
32614
26543
9815
11777
3471
1781
8070
8373
28914
10128
26022
15812
5563
26255
15578
9939
3280
28624
17884
19652
19030
21104
20639
1999
11640
31109
16947
30164
13667
7440
4586
4847
1941
16173
8633
16462
11096
2445
30176
11583
7817
7974
4045
22157
10142
13865
28734
4109
2280
3637
1191
19572
30996
5834
979
5995
1272
23040
32205
30182
16013
32633
8961
8369
23863
31636
1695
19787
13133
16099
24640
30968
7381
31200
4300
27154
19343
18651
28315
23456
5174
23607
7386
1834
8450
28886
29233
203
11633
11474
12962
6535
12103
13422
8373
15327
4307
2892
10706
30371
24693
5600
12782
10760
6493
20260
17002
2810
27029
1677
8247
28851
6466
14910
3391
8333
30503
24957
14592
3092
28266
15203
9338
13664
10651
30167
32076
11682
26354
16573
13338
25084
25048
8554
21041
10902
30121
6747
21102
20462
23993
31527
348
31343
13973
27827
10396
16454
9355
3493
2442
17777
17260
13083
27421
8728
17296
8604
16143
801
22555
21071
8766
14591
23167
6250
15443
10442
18242
15086
17057
21397
30722
22162
8784
26620
16054
7164
5562
4604
17974
15927
10517
32008
23550
9570
29267
15448
1838
14757
70
3461
4310
23146
17672
10579
24945
21961
32666
5837
22447
29763
26827
13464
31864
27828
10075
27777
14381
21635
20321
17752
27953
24604
28906
18177
7080
1952
31203
25800
29310
25562
28473
25077
29099
22390
16702
25760
438
22637
16207
10951
9336
28100
28340
5534
8995
13686
18631
32550
23939
1711
9304
3585
7811
1082
20049
31621
6642
13117
5526
15
30599
27172
20015
22938
3875
11227
4009
8336
14935
17216
12985
24287
24358
13016
21027
7504
6156
19648
21210
23317
7487
1767
14185
9120
21300
24443
17041
14012
8805
26017
11572
30422
31826
14953
29554
4507
12741
7681
32017
5833
32347
23849
9506
28990
27968
13030
25825
30294
31546
29307
9694
32627
6633
3477
32602
16861
30797
19142
25332
22733
13448
16436
31877
13764
23269
26259
18760
27425
22042
22608
10814
1267
13514
4367
30160
25612
26702
16728
19639
20311
24757
2701
13849
12139
10761
14112
18164
10335
28372
17154
22720
1504
995
18527
4944
11650
24906
9352
19962
2900
11433
26929
3063
11447
14509
28124
6156
32112
7641
5525
874
23291
20614
7392
3028
29218
22568
1008
11519
6863
3028
26905
24894
9759
30719
26504
21855
21175
20873
20018
5071
23387
6650
17162
27397
21437
22795
9847
4894
18322
3944
19205
22213
20459
18100
21851
17238
4803
25293
22637
9283
24788
6226
498
19894
26032
11363
27417
31352
7692
25000
24951
16657
2143
13973
15428
25649
17324
22764
4552
590
4251
29315
24848
26767
26831
13127
997
3305
8308
15489
31999
29576
17943
20824
30325
880
13499
28823
1144
3684
3113
15281
65
4102
903
20227
3912
26689
18988
28504
10935
5348
27315
12466
15134
11919
25678
31304
7272
11475
28253
3019
7694
13717
6720
26605
21386
31667
18281
18468
18703
28907
7605
32171
28791
20216
508
25547
23165
15357
14567
18264
4140
3623
11265
26494
8343
29326
1297
29630
14027
31581
5032
11059
19458
22835
12534
282
18969
17353
5601
27281
12868
21972
22361
14751
7169
24621
31973
10613
8266
30767
25986
32755
1295
17760
28334
26734
15587
21076
4544
27569
3830
25807
27514
10561
31555
8490
25057
13798
12042
31992
23628
17254
7553
17641
16828
30100
4295
14830
12651
2185
18201
2461
10664
11314
28744
9688
4321
14603
8042
16297
21762
8745
1232
26993
5374
18558
1081
9282
2218
4953
31557
23689
6866
29228
19501
6640
27015
11154
176
26242
8374
7568
6481
12560
25343
21275
23743
11988
13507
4827
15253
85
7551
19247
7235
7562
29529
32625
9036
19778
1273
6779
19379
11204
5530
19050
25519
1202
24417
18850
16806
1075
4077
14610
17753
848
29487
28601
31069
29599
16508
25448
26826
11807
15840
3786
32055
10596
11702
30883
30949
23284
14965
16469
24890
18416
21709
21416
28017
2295
14323
12746
19857
17735
2105
24469
23963
26917
16353
28945
6408
7040
24115
19514
25202
14033
3277
2307
29586
18757
12091
4762
2410
24606
4295
28142
8387
8790
9362
18799
22234
32390
3044
14868
16983
28679
22209
18851
22654
8023
12989
14893
12969
25022
31761
8919
18422
23601
25837
18913
28477
19830
10000
24544
15685
17289
29591
78
4919
16447
5394
6981
29010
4393
30685
11400
25057
24251
3246
25539
4202
13997
14698
8724
24873
5538
19517
28873
7356
13320
9449
21868
1056
6719
2142
9981
24796
16381
21132
18558
25980
15089
31349
27829
29249
16550
7302
18221
4631
32683
32551
20094
17351
5105
17809
29646
25454
6772
17631
29592
18478
10269
12136
9132
27171
10215
2637
25207
9369
25666
8526
2949
26748
16309
27874
5444
29455
24774
7814
15371
23777
21790
18261
24154
5374
28649
19673
28260
7266
26492
8225
7370
5555
30266
27411
8362
32047
696
10244
16600
7395
4895
22406
619
4381
4050
18561
8316
28965
6481
9862
12586
28712
30046
16991
7137
2677
22366
18667
17629
4844
2049
23593
4585
13490
12325
17042
11373
15658
19192
8364
9383
16929
861
28892
23097
30793
146
11643
19940
19945
26127
24877
16531
7634
2737
4462
17307
3733
11031
14190
7745
29171
6989
15135
11389
14485
15271
9356
6909
19966
13552
30572
9325
28861
16324
27895
13302
23271
31547
32760
4356
20164
5832
32548
30797
23497
21344
6570
17935
28614
8158
6667
5528
2145
21670
17196
31244
6339
21128
938
13411
30609
2280
29549
2737
26910
10012
20352
9386
6623
32022
26655
4453
7455
20291
13586
23136
17395
8626
1082
18373
24689
15993
30314
14827
18717
31573
15992
15392
12452
656
22163
13478
9677
9000
8150
22011
20396
27693
8222
13661
14873
5995
21017
10894
18016
1865
15264
23765
5178
23537
15943
8517
30460
25521
22066
3649
19215
27297
15146
26688
16288
11655
6127
19406
26776
29687
19408
14548
11471
5567
27258
25368
25724
28546
28174
27655
15345
2722
20342
27059
11909
31843
30968
24344
11729
16462
18187
2467
18719
4564
2922
10229
26911
2356
18024
7652
29660
32671
2691
6594
27887
32409
15931
7906
26098
16034
12325
6489
21304
30998
12603
24322
6331
4434
10614
16837
25430
22808
23199
5912
8757
29749
17762
22725
13449
8032
25764
17134
8064
24166
13078
4943
24692
21892
12042
19908
12131
21012
20614
10763
17823
18029
9623
3786
31942
15620
2280
15828
23029
1751
9875
5544
22841
10507
17207
3131
3398
19923
31051
18167
26476
15509
24754
29699
15302
7496
21647
18629
21941
2849
19290
18853
12428
14958
30004
16148
10381
13762
5239
31693
14357
30290
17554
22619
5395
23455
8980
2012
17086
18005
3846
10756
27528
23155
29310
15973
5965
11437
19057
23789
4561
24335
24777
22448
5481
28898
27831
10727
3576
17875
3403
22585
2077
10322
21058
9786
8363
19257
18207
17714
2138
3758
13437
24607
28604
3146
2979
10493
28530
11899
12377
19268
16543
22310
5370
26547
22941
22929
23755
32076
17135
19329
30859
25504
14455
29087
29003
14924
27369
19232
21888
29124
30080
165
31831
20815
23536
14944
4936
7763
9371
8569
10734
18643
25351
4272
12310
16694
18064
14403
6678
23370
346
14610
8032
25224
7050
31489
18262
17306
1718
17054
14432
28442
1433
18948
32060
22941
15372
24831
13462
15600
31538
22640
24281
32417
7666
15603
15940
24513
2474
9408
32064
23017
10017
5327
3825
19835
26558
16704
32267
25898
11000
11513
7655
21181
6158
27793
20950
18703
16376
4205
24245
22363
7069
31272
31425
2486
14918
8504
4013
29405
13395
2767
25330
817
13869
30976
6247
20736
14203
5411
17169
13830
12953
6522
30780
26164
28741
15893
6346
25520
15260
27890
17612
29724
4678
361
11599
31515
9453
5831
14456
24081
15347
10810
11220
21803
21604
5101
20713
19872
2345
7027
18449
16694
7295
11113
32136
9991
13736
26711
29891
24965
9952
11992
24067
19900
20371
15611
10795
22487
28365
2792
4302
14566
31218
5831
15501
16862
19375
10205
4512
22497
16176
19704
17074
1472
2964
6670
10226
18111
29598
26913
3175
28312
7597
8805
25987
21186
10222
20389
10492
6386
19664
32483
13527
20195
11192
14399
32198
12115
2551
2842
30643
14414
8185
30330
27805
30382
18110
12464
13731
10979
6542
4665
2654
10992
24553
10211
23156
9654
21438
12336
25962
11125
6109
2047
1210
8080
29357
19049
23590
30608
8482
10218
25675
27500
21994
14529
889
31496
14567
20121
10434
27899
31458
2408
7505
10901
20862
13208
32766
7457
28522
10597
7967
28775
19675
20358
9376
24181
21562
23823
18518
26783
18201
31894
31888
8645
28524
2196
18671
28116
28918
26383
18296
23183
20225
18550
30696
30096
31314
19917
23879
17289
31580
23049
6592
15568
3252
4798
31920
29467
14789
21495
14077
17544
21957
7013
10665
16352
24296
11965
679
7708
8659
347
7149
29992
12627
7467
20682
2024
1615
4809
15738
22393
23547
13543
7416
22969
7247
8944
14611
30985
28856
26346
8388
16721
19213
10913
6335
24133
31428
18434
31304
20199
8806
14533
29768
29261
8512
10575
25248
20901
17756
13014
12221
19318
22959
198
29804
1065
25748
25955
18928
16327
10873
8624
595
2308
18648
25744
15097
18813
32106
17708
32123
14142
28055
15508
25266
15239
560
25257
27665
14032
11104
29242
1848
17930
8416
22637
28615
27944
29291
21345
25456
19166
31858
25617
23633
14760
5392
6012
17792
527
1344
27395
24039
552
8782
20498
15698
28253
7051
4866
12230
3951
20549
10558
23317
8636
16886
10917
25263
14782
30396
31280
32187
20949
24585
25045
13158
25926
6556
9643
12667
15491
5296
21070
28981
20141
883
19077
7761
23639
6329
22562
29798
10125
28658
17450
1657
27924
12633
14902
9420
756
18031
31513
21752
16436
12968
8899
4155
4581
25700
1382
15379
24930
4640
26583
4364
12245
30702
5942
25558
2813
2338
9169
1178
16175
27215
17222
10382
27291
18290
7656
4552
21969
23148
2916
26960
13700
13750
677
32632
14733
10064
16628
26224
3378
18426
27748
6933
11433
2727
13677
12298
13272
24623
15319
12042
2655
17220
15065
9340
4312
16551
16515
2376
13149
20379
29785
32490
1355
3739
12609
4549
19014
14408
30367
30137
4222
25765
29886
28919
16432
27270
14450
26900
17519
30022
14843
18013
12580
8889
21293
8555
2644
15713
24782
28407
4257
26341
4928
7663
14100
18110
12895
23496
9753
4404
22701
29463
28619
31369
27053
30811
22898
27252
18316
14621
24138
977
3078
8508
20359
21654
18568
2690
13717
16905
4498
10874
22180
1328
22880
4742
1636
19337
24009
30252
8973
20476
11623
11185
25507
14
2040
6889
23416
343
7684
3661
22258
11062
29633
6734
30094
18627
27443
3817
9509
14085
14743
10108
25199
13158
19458
27864
25285
28259
24390
32151
2859
13960
20245
12464
22669
20380
24681
17992
7497
18969
2850
6859
14318
28383
1777
4156
10051
4904
8054
8649
8076
26815
5029
21923
1288
7789
1134
268
28606
25780
13981
4786
7290
10944
11263
22331
28434
10139
22470
27681
27117
928
29230
21696
16070
13874
12129
26029
23726
27566
23960
31306
8016
1949
11908
10391
889
5935
12268
26443
1240
18405
14231
23076
2306
13965
18028
14459
31672
10867
9944
539
109
4310
19056
30291
23811
19609
10968
330
470
11835
12771
5011
21243
10249
27899
6145
5834
4754
4036
31677
11673
5468
2556
31893
30411
2005
13478
12695
1802
24204
23143
479
5072
30881
7984
32173
14380
24955
2845
19899
30403
23224
15517
11469
7445
17002
1492
8073
27649
10624
31037
24201
10635
11906
10644
9903
32734
28802
8435
25528
19853
11855
21307
26900
19230
26091
4021
11509
10697
2111
13817
14759
3965
5390
12815
18719
5156
13096
981
16086
9256
6368
21920
29656
27702
22719
26150
2327
12866
26234
18844
13318
16331
26658
17947
14691
16736
10139
20296
2644
16227
14415
25908
14262
5133
9507
23169
12210
690
15019
17863
31121
21574
16793
8757
25553
7457
15740
25468
22648
4095
935
232
19368
587
15982
15312
30836
1437
12441
9521
24562
14977
19730
9878
16017
16506
30433
4667
27565
26438
32090
32369
22369
1380
10389
28740
6813
6100
27167
6492
19832
3870
1519
11553
6087
28053
18332
4387
12270
6877
6093
27832
15350
4267
1520
23527
18656
17612
6703
18820
19513
29801
927
13469
25583
13449
30395
25877
18531
27607
20498
21391
9407
6566
20284
18573
18826
3634
32274
30425
28026
30760
6175
5413
28809
27497
1617
15086
21834
17675
17140
1190
25726
4257
14817
17169
12003
21181
30963
14832
24908
23731
17595
12765
7926
3487
25973
24950
22042
9385
16442
29117
17087
2183
4215
8639
5074
10308
21917
19828
26232
22848
18714
23527
2979
22137
28809
22678
19428
17672
8229
15388
7552
25071
388
10253
197
15633
29314
6690
30366
9602
20603
23190
17766
11009
957
10703
32762
22723
24380
28993
786
3443
10376
31632
23761
5238
23549
30708
21146
25715
313
19682
31014
10003
9172
32233
4819
28165
17483
10458
10303
14662
21820
24107
3862
12959
6361
22685
21288
17007
29335
22557
13759
25002
294
9192
14127
19746
5286
30707
24238
32261
21784
24970
13414
2983
11538
20279
8649
23170
19639
22501
11301
15484
22759
32069
15736
26216
6835
28017
28549
24270
17172
2000
3367
18927
5852
10553
15846
14084
5868
859
4040
21191
30888
860
21353
9012
680
3008
32334
12433
8624
1421
1911
16300
18915
3244
29235
356
30771
15251
31545
23402
26652
23073
7155
11849
20882
29641
22557
15524
17208
6387
2447
6079
27858
20383
7767
13634
28157
30540
32011
4665
32030
9240
862
1886
31384
13608
21232
12955
17474
10826
24683
6603
23832
31961
30923
27329
15664
32738
12541
31883
24048
2948
29612
30199
22143
30621
8536
15703
7289
10659
30376
5506
15591
14799
11521
3099
8558
29569
2391
7446
13766
13536
19779
12151
366
29120
15958
20317
2462
24010
14254
18752
3966
470
31174
2679
32405
16540
11410
27389
8068
3724
18380
17524
25332
24826
21897
31338
22733
6270
17167
22492
10152
27291
13290
26104
6280
3742
2877
8231
2756
12745
8023
10571
25672
30385
19334
26181
20990
997
21552
8635
27782
26064
20767
7448
5421
18401
4637
13012
7965
18665
12737
28149
6353
28356
19080
15062
18892
32059
551
5415
14475
13353
24352
22325
19640
14557
7316
3691
24992
11968
28760
31001
23783
17207
30539
4469
7546
12491
15334
18912
22214
32136
2836
24170
11304
30882
2884
24471
8356
15199
18877
23140
11993
12592
12850
16773
7476
27425
9367
31729
25189
17012
7475
15520
11791
3721
8949
1939
27076
29186
28683
2070
17968
804
2225
7234
10388
21375
13383
14789
3191
6865
3239
4070
11672
2344
6069
2755
3622
1095
7992
7133
11571
21579
15080
27607
359
910
16583
22907
3057
30156
4021
27134
6083
31364
26687
3717
30975
24225
18361
25319
24748
16730
31116
18869
6318
12375
21200
2424
15349
20245
19486
20281
16116
3467
28063
14919
23637
12814
16745
21812
14827
14962
16396
8225
23016
22642
27495
4155
11344
3409
3009
10374
21677
10434
17173
4058
30725
12038
27308
18475
9993
27220
28401
27405
14479
11133
7554
3958
10306
32208
6531
15558
19864
21051
27191
3846
32517
26036
22481
28781
30063
26327
2695
3113
993
7889
8169
24156
30595
8572
10865
1380
13258
18635
20315
14431
24300
32617
30390
1774
12951
7837
16828
17978
17634
25457
15199
20277
23940
16147
30500
29219
11075
1659
4660
17240
28080
17742
19121
9539
26386
14339
8518
13227
10912
12612
14594
29753
6899
28311
26982
28727
11450
8253
14012
7063
16816
10330
9387
11575
12235
21847
5897
19555
18614
7045
13552
14236
30082
4611
532
18583
15001
14049
8787
31113
14323
16005
31630
20386
31116
29262
10680
20183
11285
25208
31020
23269
2537
28480
23364
10643
5188
27976
2343
10807
27823
26940
18658
1659
25279
20150
2235
8289
2559
30303
17601
12677
27691
24408
27304
28579
11167
6104
12244
23128
10766
6422
3508
5677
1911
6761
22609
30929
3413
8109
8999
10918
23063
18154
26675
383
24783
6448
9549
30889
4398
25285
25528
27176
15280
22147
24056
27970
1556
123
14307
32322
1039
19422
31995
21366
18497
8222
22779
890
360
22864
16048
24760
30676
8149
28938
11824
32539
25401
8819
4469
12301
31835
7775
26104
32490
15054
12581
21897
467
24960
16909
23067
31615
22169
21418
3272
32303
2726
24170
26133
15076
23287
14699
21366
20687
29509
1424
17941
12553
29337
20181
7887
27268
22376
22495
7039
29250
30467
17368
10624
15300
1071
4729
16749
13766
26895
8808
12331
32553
30795
11717
28970
26673
14699
29951
32231
5104
21636
3053
14006
19970
24855
32026
18622
26747
7222
14176
13637
13854
18920
31160
24110
29904
17871
12624
15295
15436
1800
32222
8104
17687
6995
20533
10561
7095
23924
22293
20244
5152
27353
11848
8603
4463
7292
1002
11083
30170
1803
10249
4561
20199
17991
14958
23707
4573
6058
27321
1178
31864
2124
32436
12614
28129
14855
4833
18147
19421
985
18773
10755
18501
29067
23241
23629
6838
26256
15855
22140
649
26672
22786
17323
9478
21222
29089
463
7124
32518
20189
2949
18356
6306
16785
12046
15216
11951
1778
13975
21261
15716
14694
26046
19272
14307
17306
28755
27969
21787
2510
20059
8817
9197
15732
4443
1249
10893
3834
7891
16286
5420
12772
29704
21352
14292
26397
22278
5034
26515
399
6374
28591
28379
6385
19789
23570
8489
24288
6965
28790
20965
18994
2800
3448
12937
3207
30057
7906
23558
1568
30894
20001
1892
11253
5547
14586
14760
5121
23352
120
26362
7137
16983
17449
20743
23965
8118
23946
9381
26310
20092
28607
6837
26049
30786
8071
8270
16738
7774
1904
18968
20157
18536
15431
5877
6456
31735
30163
17895
28901
25004
12227
17198
13071
15218
22244
28848
275
4099
22167
19870
22897
12207
6787
16725
18211
30297
22663
3458
6958
28354
14066
11146
25718
15114
8951
6441
6614
26227
27483
22617
10864
1129
29553
9845
26690
16575
4680
11934
251
17724
29219
15198
30988
6230
1065
11147
23809
22845
23646
11886
7442
32027
2514
2853
18165
29082
16153
30534
4599
18600
24314
16581
29003
20855
16747
20248
8354
17095
17598
16280
24316
23143
32533
8491
19389
5625
9243
4896
6659
26871
29430
19290
3639
5107
16503
18353
31202
291
29076
11925
10690
18972
31257
8948
31262
19166
13210
3934
1366
26129
8364
11368
8382
24206
28757
17998
7084
27169
21952
1500
29904
24973
2101
16526
31172
12753
32585
5110
1252
29354
16210
20574
19808
18009
18974
30383
32144
26278
2021
19857
903
805
15483
20948
20458
21688
23754
1551
30467
2645
22656
25990
26641
29450
11269
32337
12002
2366
20144
30395
29604
17209
20794
489
11513
19687
16499
1980
14409
3800
8243
1015
19548
9868
4756
24741
31272
13294
32606
20405
12263
8222
20419
26600
29293
16755
4685
2285
16569
193
6932
19146
21962
25559
29748
31869
15540
8524
12926
30179
27378
8572
622
16602
21758
4301
349
23970
12575
26423
14072
9866
23682
2307
17137
5832
5773
25810
4853
30888
1648
13026
13533
16105
16125
14733
6440
3427
13497
15122
22953
13550
23091
28824
22653
9856
22164
13936
19264
8597
2680
19867
1664
8660
22268
22156
7538
20463
23320
26926
10724
31179
6960
28201
20595
21985
18149
7522
21758
5604
4401
17856
21339
3235
20147
16950
28744
27442
20039
16382
5796
22852
8154
14882
5343
27868
15741
20033
11951
17701
19127
20112
30468
19613
24096
13599
1599
26233
2347
23646
24734
2886
4676
8415
8443
6348
5403
20573
15287
22839
32063
2558
28145
1401
3822
29653
11515
18154
29228
27051
10766
31793
29714
2303
15932
17768
29289
15947
21159
7035
9591
14217
6385
30417
15385
24566
10227
18735
32274
18710
20658
20185
26787
9464
16270
31482
31068
13755
15805
837
6961
22097
9976
20189
27088
131
26484
19570
16178
29749
5652
29613
16240
25580
32477
30159
22233
19085
12714
24981
24129
20072
26913
15966
22939
21876
24037
25231
1227
11996
23053
2359
8885
30139
8406
27375
17050
4388
32404
24069
28580
30054
5359
16857
32447
2702
14155
14726
28331
23597
27528
31173
3663
30299
25324
11791
23889
5115
32605
14594
23267
577
14548
21510
14048
23922
30478
21040
6423
2795
13189
2663
29415
5221
30622
11461
3852
18551
2852
1855
21432
17500
26357
32137
27365
19191
16379
14388
17642
3348
15966
20250
10573
18161
13560
29435
18905
22269
27914
23144
3056
12767
23085
30176
31778
22458
19083
12090
8190
11952
26446
14402
6695
26277
6489
11431
21675
19013
9782
2837
9617
8520
6480
18846
8625
2036
19811
2398
4553
24548
10800
11615
15820
15881
27253
22714
637
31214
32284
6143
25917
16960
23731
14807
6689
23181
23580
6888
12360
26188
24454
26873
22636
25886
29340
8535
31158
17491
9467
20087
2263
10672
14826
18652
21844
23407
69
32571
16673
27016
26299
2526
5746
31791
8250
3398
28622
27550
27814
12308
26213
1300
22993
10282
31395
8478
4264
8973
27397
28437
682
3469
27948
6632
2975
32425
32048
10779
23430
18861
14134
18704
15567
31645
28485
18822
2762
18390
31573
6495
27744
10227
25513
166
9985
13038
27999
20944
7645
28551
13126
28482
20823
9706
16623
18964
29366
29836
25607
15893
24606
11350
10211
28431
7360
14341
12125
2892
6477
4817
24799
5976
24752
4684
6333
9993
31996
1934
21960
10173
10403
31631
5152
8163
8170
2772
19017
1981
9881
9294
15489
8035
5623
12159
6737
26124
1781
24030
6755
5769
27818
11133
2195
19730
13055
21225
31304
14917
13740
14417
7429
1900
9059
4075
21307
20479
8522
17300
4962
21610
17071
23479
15687
18959
10488
28527
22952
27791
24536
24560
30718
13381
18889
25379
7834
22036
12470
8592
243
28771
20215
27521
28735
2405
25731
18788
14912
17054
11361
27506
27233
26019
18016
15502
8449
11809
26888
7280
29967
29984
28624
1282
5079
8585
6546
7946
4891
486
2875
2570
10598
29546
27335
23396
16541
31281
9837
6338
5847
11976
15382
12725
24942
9456
5396
15517
9815
12191
18961
31432
16302
9800
25413
26590
15765
3932
26861
22652
6719
21521
22520
27679
29768
24930
20227
22084
17224
23127
1927
17101
15015
16262
28497
22951
20147
12250
30259
9642
4079
9875
25594
25280
20654
23182
19103
30538
18657
8903
26818
7359
11310
1052
4179
31638
26178
19540
26003
15975
29031
24159
2619
24653
31577
5087
2298
14990
19541
22504
5413
5502
9332
24324
29355
16544
823
8315
6727
30223
3427
29905
28153
3356
1295
32143
4534
16441
2043
14919
15455
2582
2083
28370
5360
24073
12948
16092
28666
16307
14463
8867
339
32225
11916
6395
22027
5296
30320
14998
10915
31477
26306
4738
29050
24283
9482
24563
7560
5582
26140
9539
1358
17304
2212
10295
29197
31946
15873
18308
12087
26718
13655
18833
11811
9370
31967
2175
4612
29496
3458
8039
14364
28867
13479
31970
4141
23364
20553
32463
22833
11294
4428
31568
5706
2359
14353
23318
20476
20824
32584
10463
30106
18391
10501
14908
29438
9075
25110
21912
20093
1151
28565
31094
25371
5699
23225
10490
2810
24479
3825
25003
19993
1777
7732
7799
26939
3385
8082
3064
16676
17531
23568
20981
5643
1381
15794
5676
2893
26674
13529
7246
22367
1230
1999
10060
12294
32315
16545
32721
18122
23859
11565
17423
27048
32271
9595
25791
7175
5607
3153
29539
15341
4859
15873
9679
1907
23633
24966
13031
5750
13472
20431
27818
7312
17517
1371
15216
1862
3956
20998
24175
19587
22857
15139
5508
32070
15679
17354
6193
28823
32137
3955
32226
6847
19871
4804
31604
25784
7140
18088
6647
6115
7813
4513
19123
12793
10148
23391
31850
13636
1206
32401
5597
18703
27945
3323
31121
15963
17482
6601
30419
19667
12903
32291
19450
7170
22832
19457
7660
27844
10083
25409
2276
30458
4009
23799
11890
20354
9915
16644
25795
27239
27848
14826
27426
3412
17947
15070
18367
17999
26361
19487
12975
15011
14024
29063
12853
25118
28279
24415
19520
637
30233
29048
28980
32549
17875
6263
1005
20756
19961
12657
8962
15126
10868
31672
5958
3644
9575
8436
2965
4746
19730
885
29133
26608
8438
18119
14618
29564
6713
18055
14711
11469
4941
28534
30833
24523
21197
11980
11054
13973
15783
27599
6575
8123
29824
16291
18258
25774
24660
24420
1179
1140
29277
27762
20019
9888
6967
7948
7473
14978
15681
32545
3225
5787
7750
8034
30754
11347
7261
3740
30781
9199
10765
29509
24402
29885
21941
1365
7245
19857
24619
23127
9817
24949
9892
14271
21995
27805
25556
24446
20227
1433
3158
2772
24751
3790
19021
1893
32208
23591
23628
10896
13088
24840
23411
3836
15988
31364
11483
20595
11071
10703
8757
14836
6232
21238
3501
6659
2813
21453
19733
12612
29463
1833
4159
28488
17599
2128
24234
29095
19202
19118
8289
31055
6113
22986
11809
18971
13724
21880
11450
10408
32049
32335
14263
27236
13855
26205
8001
19431
25455
6682
15681
391
25077
21915
9669
13862
15316
6664
13989
27727
21824
14160
19046
30082
22152
7707
4702
29643
30547
3585
23577
6553
3881
29689
17916
7118
3894
3348
10024
2579
18763
8555
11938
366
10278
27477
32176
27926
15603
32478
16774
18822
17939
17781
4129
7632
4891
25061
3188
7988
27168
4231
5570
13041
21042
22453
1611
16987
26406
7297
17706
5422
6809
28583
12158
9762
1585
9921
7368
9663
13094
5562
660
8051
31489
31877
31580
29922
26020
32015
13481
9085
10379
11634
2171
2134
11089
6763
17899
5682
13686
19982
27919
12768
10591
11960
25118
10442
28830
19014
23508
30154
32116
24964
4376
18495
1428
18408
27101
351
23082
27521
14150
7119
284
6442
14093
12657
29584
20739
26149
4989
9646
16162
26270
10451
15271
11397
31946
1679
4086
31819
26526
30430
28390
2340
6234
25105
11092
30471
3437
19952
28854
19747
21650
26449
30300
27671
30784
18921
30710
13413
23617
31329
5975
28964
19872
18092
2936
23286
18889
153
16576
18234
16620
18084
20098
22403
22434
20242
26056
15688
27603
26941
7503
26077
24791
10540
16082
8865
30427
29030
31115
8570
12679
20232
7672
18814
4574
23574
18139
20467
10085
7183
4996
6522
15495
1732
22354
15239
8760
13673
25208
12820
24281
26093
18429
7575
17499
18567
17671
7473
12712
19346
11608
6440
830
22938
281
4503
30493
15799
4054
17764
2020
8729
19659
17779
823
23781
14430
18457
24419
32576
748
20692
5189
23208
19656
57
31592
28811
10113
8237
31597
18
15460
16472
688
9790
15426
30423
5416
17463
31860
6449
29071
8161
25883
397
4547
29359
5292
13346
2669
23228
23725
30958
3552
25112
31673
15787
5700
4191
14538
21503
31475
14993
17336
24563
29987
1309
32508
2726
22470
19519
5818
19779
32430
26252
2303
26672
14581
30156
839
23176
12956
14855
14658
28108
8562
6883
6359
10709
14647
23341
32618
17677
11010
10933
21594
25823
13280
2655
11470
17004
32446
13943
23730
1920
23945
2885
6396
30660
7571
6113
3892
14901
31545
21321
5683
22228
30915
10161
23595
15519
7307
18458
13799
25537
23138
1062
29524
24582
11311
3627
23873
30609
7641
26502
16483
4561
20583
26418
10652
4785
14438
3737
14204
30223
7051
8361
9481
16240
4506
12075
29115
4594
3206
4688
19147
1154
11226
32397
6574
1614
24407
11433
23516
26493
7391
18453
10197
23070
11666
6011
870
32607
22070
5017
28456
21760
24284
24656
19275
5895
15808
23544
31121
27060
26994
14583
24733
24503
5683
21906
13422
12449
25250
17923
10279
13209
14232
17611
27921
29264
24400
32073
8930
26679
6091
25740
7488
16879
9330
5222
8833
12544
8958
23745
1973
10191
10133
32566
19942
4554
25653
18652
9374
23526
24406
32350
30122
24907
32203
20049
24094
4173
25578
15812
14489
23455
29164
17176
7370
19395
24471
786
30771
17605
15130
25646
9261
21545
20280
27702
7469
6946
13480
7188
16197
10501
4796
15845
11246
23036
21314
22862
15620
3583
19880
16915
10514
19456
11619
29925
15568
9574
6032
13948
19946
28093
21468
10470
19203
6828
31906
19231
3322
24615
31316
5857
19820
23781
19996
12477
26234
27413
28611
24171
16332
26957
17105
14175
3285
4035
26358
17308
16473
9663
26536
31949
22829
11088
3854
26002
27711
19263
24605
11032
4054
10561
31745
1260
3098
24688
30398
18193
29910
17916
24343
23120
4221
17438
32175
3791
12395
24910
3950
31973
24174
18358
32550
26669
901
24806
25206
22745
27623
22985
15855
24393
19527
8920
21622
13789
11351
16525
1513
13575
23179
27
262
19876
19743
25692
19592
32140
5211
24331
27538
29287
16918
10803
8529
20163
27257
21991
6110
17764
8709
24116
28257
32475
7383
23892
29308
32091
21291
11812
2279
29383
20256
4825
2391
15631
1979
13294
4517
31933
27949
2912
5164
31179
2649
4126
9587
19128
24465
13755
19724
29147
23200
5223
23995
25846
4110
19741
6363
13070
6559
32286
8446
15482
15901
23453
32724
12603
18007
16572
17230
18827
9066
19639
30210
27832
19007
24671
30418
14899
26709
4043
29640
10468
21953
23626
3141
12481
26739
19099
24155
12959
3258
10593
887
4680
18187
7121
16451
14029
766
15534
27594
25886
21401
28023
20958
10455
2257
9695
5302
16221
15950
22397
20956
14634
18287
14789
3655
17765
7310
4663
11715
23478
11653
19670
31130
14424
15728
30940
31341
24176
11189
32172
10595
5277
20034
7176
15494
4048
16662
3972
4713
16478
20227
25658
270
30035
22450
21696
3080
18954
22247
17495
17885
4602
28934
10597
24750
14035
10455
31782
12826
15562
8838
32158
11871
24880
6126
27346
7874
1866
25110
28727
5938
26461
15356
29035
28456
13320
8850
31011
16849
10710
30215
25957
14703
15636
16455
9207
10749
23008
17605
4887
16145
27267
15736
23148
16647
6145
26915
20541
13660
30958
20186
16097
24152
8834
23234
7798
24048
20464
14360
5846
32746
5108
3189
24007
28482
18603
30800
17778
23245
12712
196
3863
19740
1092
18067
22014
15267
18997
11884
9905
4378
21091
24169
5736
14116
9207
13532
28357
25391
10164
7243
16833
10907
31626
24761
31207
8734
9320
27175
15040
3175
4691
91
9614
23553
10933
31712
22076
3195
19703
2126
11414
5830
1361
23500
13750
1246
25057
2002
18878
26796
7675
18228
12749
14892
6081
27996
27179
24779
17395
23254
21703
27667
5128
6931
28644
16265
637
3942
25871
13782
14701
19283
1108
32550
1890
1545
32689
16078
5739
17709
31435
11313
6510
9433
17120
15076
25536
24805
17149
3600
7923
869
2161
15128
4847
23666
27521
8060
13380
10030
