100
71 
47 64 
30 49 54 
58 38 42 44 
35 75 61 57 41 
71 75 72 57 66 71 
34 32 33 72 62 51 46 
48 75 77 56 51 68 49 42 
47 79 65 74 33 41 52 63 53 
44 71 41 33 48 77 74 42 37 67 
39 53 71 59 58 46 65 70 72 68 36 
70 72 44 78 76 35 70 59 50 30 36 31 
73 78 59 53 64 34 36 70 46 56 61 38 74 
69 56 53 67 68 48 62 59 71 63 45 69 38 34 
60 57 36 53 66 51 75 54 52 50 59 57 53 77 42 
66 70 41 66 35 47 35 54 61 32 30 30 71 54 46 60 
37 71 37 67 37 67 33 63 75 39 39 38 51 68 52 76 36 
60 43 48 30 71 42 35 40 39 54 67 78 63 75 71 32 30 71 
66 54 50 76 51 78 79 48 64 61 64 33 79 48 68 30 68 57 47 
58 73 78 63 37 51 40 47 43 44 39 46 65 31 30 79 49 36 78 33 
54 38 74 39 69 32 75 65 73 73 53 67 44 33 78 30 38 48 60 76 78 
61 69 78 39 37 52 52 68 72 68 59 70 37 38 71 45 68 36 41 32 64 52 
35 58 76 42 66 55 63 49 72 74 46 61 78 52 31 51 79 37 56 72 69 55 42 
30 40 33 49 41 68 31 69 35 53 32 65 62 65 68 56 47 37 62 62 49 34 51 69 
56 59 48 72 55 35 64 79 71 42 75 40 48 33 69 53 59 76 67 59 79 67 46 79 73 
75 77 46 66 35 68 62 35 64 44 31 46 51 66 43 43 35 65 33 42 38 62 75 43 36 51 
38 76 62 61 74 76 52 59 41 65 30 53 46 74 39 72 69 33 54 34 40 75 79 66 43 54 52 
48 48 67 35 38 71 32 55 57 44 44 54 64 54 52 39 63 50 67 77 48 57 53 50 43 48 72 65 
32 60 43 57 32 79 57 55 73 54 53 52 41 61 33 62 35 73 55 61 72 72 52 66 44 30 67 40 43 
54 50 50 65 63 41 40 76 47 65 30 70 74 75 54 49 55 56 74 38 32 51 46 58 73 31 64 48 44 49 
32 30 67 40 56 40 37 50 45 56 57 73 38 44 39 62 66 45 67 57 54 55 57 59 58 53 50 32 42 53 76 
67 41 75 55 44 40 32 46 60 56 41 51 41 77 33 50 70 54 68 43 70 31 42 59 30 43 38 58 45 37 57 30 
38 69 33 40 37 54 57 38 43 67 31 30 40 58 73 64 35 70 41 34 65 36 52 30 53 65 36 46 56 37 56 37 67 
51 49 41 76 52 47 42 47 76 65 71 53 59 59 45 39 62 76 35 33 42 64 64 34 52 37 49 62 43 37 63 41 65 47 
78 55 68 53 72 34 41 71 55 39 55 51 50 56 64 35 63 30 78 59 31 73 64 67 64 36 73 56 35 42 78 61 30 43 71 
35 35 72 42 41 57 54 58 32 73 76 53 70 43 55 52 48 40 47 62 42 75 49 61 70 68 65 70 77 69 70 75 33 44 31 70 
74 38 65 39 72 35 44 61 33 59 55 38 72 77 79 36 41 57 47 71 59 70 43 54 31 57 45 63 43 72 54 31 72 39 50 58 57 
64 55 66 78 50 67 77 34 33 51 43 36 43 40 51 69 70 44 72 49 43 71 34 48 62 30 35 55 69 33 52 78 77 64 78 51 44 43 
55 75 42 76 58 49 42 49 65 69 74 45 70 75 38 48 50 31 53 62 52 32 67 50 43 31 33 53 57 30 49 45 45 58 73 77 68 73 67 
39 43 79 61 68 72 38 40 51 38 34 68 76 70 79 73 60 50 78 47 66 63 65 56 65 68 33 59 54 78 53 39 37 46 74 35 48 56 41 55 
35 31 79 76 64 45 44 72 55 43 72 76 78 52 56 36 53 59 34 35 56 42 55 73 45 66 66 71 44 74 36 32 66 68 62 35 45 61 60 71 55 
41 67 66 70 30 42 64 73 33 46 32 38 42 63 34 33 64 33 36 78 54 47 43 39 58 30 60 48 38 30 35 41 44 33 56 73 39 32 41 69 78 62 
33 54 50 32 53 61 49 58 39 38 49 51 33 75 61 34 72 65 43 78 69 52 68 67 40 41 64 38 41 39 73 45 49 67 49 38 30 51 44 47 45 35 45 
60 69 42 68 62 34 65 40 64 54 60 45 31 71 45 59 40 78 53 68 57 62 36 69 43 38 71 70 53 43 58 64 58 30 51 65 54 51 63 47 33 75 48 55 
56 59 30 78 39 73 66 60 46 79 47 58 59 44 51 35 56 46 46 56 46 67 61 44 70 66 51 42 51 44 39 45 32 53 54 71 75 42 53 61 36 48 48 32 37 
37 61 42 66 60 44 39 64 36 70 73 76 32 34 75 38 78 71 42 61 44 69 38 52 34 75 32 49 59 68 53 48 46 39 78 66 76 42 63 38 52 76 72 67 55 77 
38 32 37 78 60 72 30 58 79 32 78 62 70 45 55 42 47 66 77 48 77 58 31 46 60 79 55 38 59 50 70 40 77 42 35 55 72 41 34 78 76 44 76 68 49 68 43 
55 45 51 55 45 58 64 50 35 44 37 42 41 54 79 49 60 53 30 63 55 40 67 66 67 58 73 66 44 44 71 79 65 35 67 34 67 53 44 50 38 48 61 65 32 53 32 74 
56 56 76 52 79 70 54 49 73 41 71 69 49 45 35 65 46 30 45 39 44 46 73 54 39 30 75 53 69 41 52 48 38 61 48 56 40 52 54 59 40 32 62 71 75 44 54 44 32 
35 40 54 52 51 52 77 57 69 35 75 74 30 73 34 61 42 52 69 58 42 42 47 38 45 38 53 39 64 34 66 49 38 75 36 46 30 47 72 67 62 36 54 77 51 63 52 61 56 63 
78 53 62 48 56 50 41 62 36 70 55 54 66 57 49 73 64 57 48 48 71 76 63 58 57 56 51 77 42 33 57 38 75 38 65 68 67 73 43 31 30 58 41 30 79 72 34 49 61 45 47 
43 73 64 52 52 60 31 72 57 57 50 32 44 61 70 53 67 53 59 75 49 57 72 40 62 38 56 67 50 58 31 38 43 40 63 66 72 40 52 58 64 71 48 33 47 45 68 61 37 30 44 78 
38 41 43 36 37 58 69 65 45 55 66 66 63 40 60 78 58 72 63 70 46 65 40 79 67 72 62 58 32 49 74 74 38 32 77 62 65 38 44 77 73 79 45 71 69 30 42 78 53 31 54 63 71 
30 34 70 77 49 60 58 61 74 70 67 79 55 63 68 72 73 32 41 40 64 70 77 65 59 70 35 71 72 40 79 58 59 51 57 53 73 50 77 56 56 70 62 58 39 48 69 39 79 54 52 60 38 47 
38 57 33 50 37 76 54 52 41 49 41 36 70 43 63 46 62 32 71 34 43 42 76 40 45 34 79 66 60 78 62 67 64 70 47 36 50 71 62 79 53 38 35 51 75 76 46 58 58 59 38 57 30 37 59 
61 75 58 56 33 79 64 45 73 38 52 73 59 44 48 35 71 53 52 78 31 66 74 76 57 47 59 46 54 71 49 42 76 73 71 45 79 37 70 32 66 31 67 56 42 35 63 74 60 77 45 45 43 41 58 58 
58 70 41 77 75 50 55 69 30 79 63 45 44 62 37 62 76 47 52 62 40 71 61 67 35 59 51 68 31 77 38 76 56 39 69 52 46 66 35 58 44 40 33 57 78 33 41 61 62 35 77 36 32 51 76 61 51 
35 77 54 48 65 56 54 39 78 54 33 52 65 73 68 33 62 77 60 56 58 30 31 41 79 35 43 46 53 41 75 53 54 30 33 61 67 79 40 73 45 52 59 61 42 56 61 77 70 51 35 52 62 69 50 45 61 38 
73 36 58 78 36 51 46 76 77 50 74 59 68 39 64 49 58 47 45 56 64 48 36 58 77 48 70 79 65 66 79 50 40 51 43 45 65 48 60 61 47 67 74 66 37 40 57 54 61 32 51 48 73 65 67 41 34 57 36 
48 52 43 30 72 67 68 68 35 69 77 61 73 64 67 41 73 47 31 62 77 45 33 34 64 75 55 51 44 61 52 36 36 73 73 60 60 48 41 43 48 31 46 59 48 70 61 63 59 43 39 33 66 75 45 54 50 65 60 56 
35 55 51 38 39 36 32 62 35 70 55 42 65 42 60 66 77 32 38 60 70 56 38 73 70 76 54 53 77 60 65 52 30 37 35 46 71 68 61 48 45 76 55 39 42 66 35 42 73 72 51 52 42 78 48 48 47 44 30 70 65 
39 49 75 33 70 59 79 35 71 41 61 32 33 63 59 67 72 33 63 50 44 48 74 43 59 32 44 49 50 35 77 74 67 56 56 53 70 59 70 68 40 51 75 51 50 63 69 35 58 59 36 42 65 67 76 63 68 65 59 73 70 42 
45 31 35 37 47 49 64 51 37 78 75 77 48 68 74 52 43 58 44 31 53 70 34 31 57 77 72 51 43 31 43 51 45 51 75 40 75 71 52 42 31 45 35 73 68 59 62 38 34 52 37 75 68 74 70 69 34 34 53 55 58 54 61 
60 63 53 74 60 76 67 75 35 46 30 69 68 43 65 77 39 60 54 38 67 54 50 52 73 35 64 41 36 36 64 55 62 49 71 62 64 59 59 63 47 66 55 48 67 58 49 57 67 71 36 75 40 31 73 62 66 60 55 37 64 54 49 70 
56 71 31 59 70 54 52 71 69 67 70 69 73 33 43 61 33 35 56 59 75 69 48 78 63 69 45 51 73 56 52 68 58 61 79 58 71 53 73 64 73 79 32 37 32 71 67 76 71 67 43 30 46 70 42 65 56 40 57 62 40 69 35 54 43 
52 75 46 40 68 68 41 75 47 55 47 69 72 43 77 32 47 79 53 56 33 78 31 50 66 38 47 36 35 61 42 49 55 36 61 75 74 71 33 68 45 30 49 52 71 63 63 55 72 49 30 34 58 65 37 63 73 70 33 30 63 52 51 41 70 68 
71 38 77 32 38 59 32 63 70 32 48 52 75 65 38 41 72 74 79 68 58 72 37 71 77 49 75 60 43 44 40 41 65 53 34 42 33 32 49 34 59 32 54 79 60 74 74 79 48 45 43 32 53 50 61 77 41 49 78 78 33 32 59 33 73 52 68 
43 64 30 52 70 41 72 31 60 57 46 56 58 50 45 78 78 59 65 37 63 42 32 42 50 50 52 53 71 66 68 47 47 72 78 47 79 45 69 62 49 61 33 60 58 61 69 32 60 52 44 37 75 58 61 70 40 57 51 66 39 73 70 63 67 73 60 54 
73 62 33 41 70 42 37 77 31 53 70 47 70 33 46 63 41 39 75 66 31 45 31 70 39 77 63 30 38 51 55 61 67 51 67 79 34 59 68 30 60 41 48 35 70 58 39 52 78 40 78 65 61 44 47 73 76 41 76 68 50 68 56 35 47 51 40 32 38 
63 35 45 56 31 64 39 73 78 53 72 73 63 67 33 70 41 74 48 57 78 69 78 59 77 79 61 49 55 78 79 66 79 53 73 61 34 41 64 65 47 46 73 34 46 33 38 53 64 72 47 78 49 60 41 44 70 57 73 34 79 54 75 36 38 69 38 39 69 77 
70 48 44 55 56 69 33 46 42 70 50 56 75 71 66 31 39 67 63 65 70 30 66 35 61 58 32 57 42 54 45 52 62 65 58 76 69 58 63 55 45 40 75 58 51 35 50 57 53 64 31 55 66 64 31 67 40 54 70 36 51 60 65 75 62 55 48 53 42 67 78 
35 42 47 72 69 77 76 33 61 45 69 38 59 75 74 79 75 52 55 42 52 53 60 68 77 72 38 33 57 55 64 31 58 62 49 66 58 69 68 51 56 43 57 55 54 61 30 41 42 32 78 75 64 46 67 37 73 64 74 39 51 38 73 48 57 49 37 71 71 44 53 45 
52 59 71 45 45 66 37 39 30 32 73 71 59 78 57 78 54 54 54 63 65 68 50 42 59 64 39 58 53 65 30 54 73 35 42 45 47 37 57 64 34 70 64 71 51 65 64 70 72 78 66 48 51 54 77 56 34 49 38 57 73 48 46 32 68 30 49 48 70 64 69 36 38 
62 58 44 67 69 54 50 57 34 68 71 78 72 32 51 34 76 36 39 63 38 41 63 66 34 65 72 72 40 41 50 73 58 67 43 43 71 64 45 36 41 42 41 39 31 68 50 54 37 37 64 31 31 69 38 71 70 43 42 35 40 73 52 32 56 73 53 46 31 55 58 62 41 49 
33 59 37 72 31 33 72 50 49 52 37 74 35 70 63 42 39 37 68 40 51 51 34 77 44 53 59 69 46 67 36 62 50 69 46 52 63 40 33 35 71 39 66 67 59 72 47 75 36 68 32 34 46 63 40 49 61 68 47 56 78 44 50 33 37 49 46 52 72 37 43 40 77 73 60 
47 73 56 44 56 47 64 50 51 72 44 34 46 73 44 55 30 42 30 31 56 59 73 57 69 41 65 52 64 74 41 43 34 76 68 38 37 60 53 44 54 76 67 61 48 41 72 71 62 53 41 71 41 60 78 49 71 30 59 47 47 44 75 71 66 47 58 33 39 53 61 33 49 46 63 47 
65 32 60 37 61 47 40 46 67 51 57 75 44 68 51 77 45 72 41 37 35 33 51 60 70 60 55 50 70 57 78 66 34 69 61 74 68 40 48 49 39 57 39 49 59 46 30 76 33 38 60 73 36 79 34 52 40 74 34 63 76 59 51 58 39 71 51 68 46 63 65 50 59 41 40 38 62 
42 36 58 59 77 67 68 49 63 70 75 46 63 39 37 47 64 33 65 38 73 73 73 46 31 70 74 67 54 42 77 31 75 47 72 72 67 60 43 76 40 69 58 39 66 74 70 62 49 50 73 72 42 44 57 37 74 35 43 41 43 73 44 33 75 42 61 76 39 78 48 54 41 34 65 57 63 70 
42 57 57 47 70 72 30 30 38 56 34 65 60 61 75 67 53 52 57 59 41 41 34 60 33 73 51 65 58 73 30 35 51 50 32 55 61 70 64 70 66 64 78 69 45 76 42 42 32 61 67 44 37 78 36 50 30 62 31 73 79 62 74 61 55 34 30 56 46 68 31 53 73 71 60 75 48 39 43 
58 59 68 34 43 59 49 46 59 57 67 32 45 72 53 52 78 53 33 78 75 77 38 38 41 73 45 61 32 40 58 36 35 45 53 49 45 33 35 64 58 75 70 63 65 30 48 74 63 65 78 61 62 36 40 52 62 31 36 65 40 51 57 67 73 48 63 75 51 33 72 41 59 64 42 73 60 41 64 38 
56 36 71 73 68 57 49 64 54 73 65 54 74 62 47 57 35 76 66 69 70 67 30 39 58 36 57 33 72 30 41 55 73 75 46 45 34 36 48 71 65 78 55 43 53 42 48 37 76 69 66 74 76 73 52 41 60 35 38 77 50 70 53 57 43 34 76 52 30 71 71 76 55 43 54 59 75 33 74 73 47 
67 70 59 71 55 64 40 30 37 51 72 73 47 47 33 73 73 69 41 55 58 58 78 30 72 74 34 53 33 66 77 76 56 41 34 68 51 66 35 79 36 58 47 31 49 71 46 47 76 73 67 51 42 47 79 74 77 31 58 72 34 48 48 71 76 42 50 74 48 55 49 64 54 64 39 79 44 75 33 62 31 67 
44 43 31 49 70 47 63 48 64 32 66 49 78 67 77 54 48 57 78 73 62 51 49 73 57 44 34 64 73 75 41 73 72 78 70 79 70 73 54 79 54 44 53 49 48 45 63 68 41 32 43 38 79 68 75 61 50 36 51 48 51 38 37 77 62 68 52 53 36 36 69 36 75 31 53 48 30 77 66 71 36 40 43 
31 60 74 73 71 75 58 79 35 44 65 57 54 34 36 47 57 35 32 66 48 78 59 41 69 38 70 55 40 62 69 76 30 42 52 59 52 66 57 33 56 50 65 32 31 77 31 31 65 73 52 46 46 58 41 55 68 76 69 74 36 56 32 38 68 51 66 38 57 58 59 77 79 60 75 58 42 56 49 57 71 77 65 61 
36 64 34 49 39 36 51 75 45 46 40 77 65 70 57 79 35 66 68 55 73 57 60 67 35 62 33 30 34 69 68 45 38 40 70 79 77 37 34 34 67 65 79 72 43 42 62 63 31 59 67 63 30 44 63 37 48 40 48 38 71 62 67 64 79 31 49 63 36 72 70 67 42 40 50 65 43 45 77 57 54 64 33 63 58 
66 54 64 55 79 42 64 54 72 34 52 35 43 42 53 64 40 52 33 77 52 30 67 47 36 61 77 35 66 37 79 70 78 65 77 64 72 55 76 35 58 68 72 58 75 72 67 36 47 33 73 35 76 39 54 34 45 69 36 39 72 79 55 66 41 77 48 43 57 42 76 39 71 60 70 64 45 66 53 46 74 66 67 46 73 79 
51 74 57 65 30 70 65 55 48 48 36 59 38 71 55 66 60 46 50 64 77 58 66 34 30 53 44 41 70 30 34 63 46 71 50 75 36 68 36 37 46 37 58 79 54 35 71 70 62 38 76 47 70 47 37 64 76 42 32 69 56 75 36 44 30 66 59 56 52 59 31 42 56 44 37 50 68 42 74 41 60 30 73 36 41 77 69 
38 70 32 59 48 49 37 64 77 57 55 43 39 51 72 69 66 51 31 64 59 38 66 49 77 34 78 32 35 68 62 45 46 61 59 53 57 51 43 62 70 46 68 49 69 43 39 31 51 63 44 68 42 64 39 31 54 63 39 44 79 75 52 71 46 57 32 45 71 68 40 47 35 67 54 52 69 71 78 34 64 48 71 52 48 54 56 67 
63 71 75 48 45 54 32 76 36 54 46 61 74 70 64 76 56 57 35 48 71 71 45 71 51 39 30 47 46 73 54 44 35 37 32 46 55 76 62 69 76 75 33 32 31 56 33 64 79 30 35 76 55 50 66 75 73 53 62 36 76 40 56 72 30 70 75 32 30 45 66 41 40 64 59 64 30 62 36 66 64 70 47 62 46 46 68 55 31 
40 30 62 51 73 68 34 73 75 60 68 47 50 75 63 45 76 63 70 62 69 69 63 47 59 33 59 43 30 32 75 41 31 48 43 43 37 34 56 47 41 59 44 46 61 72 78 52 35 67 37 38 44 42 40 76 45 60 45 76 70 77 72 44 74 64 50 45 30 36 36 32 76 63 41 47 45 75 55 34 78 49 59 68 51 72 77 77 39 32 
51 38 52 39 77 79 79 50 50 66 64 42 45 33 65 71 79 47 38 74 49 61 59 38 37 39 36 79 55 56 54 37 54 64 58 76 75 61 44 79 48 68 37 73 34 35 77 47 35 71 73 63 77 59 66 35 63 34 60 32 34 59 68 50 34 52 56 31 45 66 61 60 55 40 44 68 37 70 68 61 77 72 48 50 61 41 49 61 70 63 52 
43 32 32 58 51 78 77 75 36 52 66 74 57 74 63 77 70 65 44 53 67 33 48 60 35 46 38 42 36 48 31 72 56 36 32 64 53 50 42 30 55 41 30 75 68 50 31 63 78 72 78 64 75 67 42 73 38 39 51 46 52 62 71 63 68 45 56 46 78 69 63 35 77 76 49 55 47 67 50 60 72 65 69 53 60 53 57 66 61 65 52 75 
59 65 43 65 65 63 66 76 78 65 32 51 40 62 66 68 49 66 72 45 58 78 76 66 41 56 77 51 32 75 32 44 69 52 37 50 50 34 39 60 78 71 40 40 71 47 63 55 66 79 55 70 56 36 52 33 66 47 45 72 75 46 36 66 67 78 56 44 65 45 38 70 40 44 34 42 32 68 36 55 60 79 59 59 43 68 47 51 75 71 49 69 38 
45 42 53 61 50 77 33 38 38 45 59 46 69 43 51 71 39 61 52 44 46 68 50 48 79 35 30 74 66 58 36 57 43 53 51 57 53 41 53 64 32 67 47 43 33 56 75 75 43 36 50 39 35 76 63 53 32 59 49 56 73 65 45 51 74 37 51 67 79 49 76 45 32 72 33 37 70 39 37 66 39 45 66 49 39 43 65 58 31 48 49 36 61 58 
54 75 73 54 46 54 41 65 52 51 37 75 54 68 63 38 75 52 63 61 33 62 30 70 60 38 35 32 38 48 37 41 50 58 36 43 62 72 62 47 50 38 54 67 74 63 44 44 44 76 70 55 35 43 47 72 61 49 60 48 58 78 50 59 71 46 67 38 56 55 39 48 50 65 44 36 77 36 64 40 31 38 58 74 69 54 56 74 70 69 52 49 31 32 74 
53 69 39 57 67 66 46 57 49 53 79 44 45 74 66 49 58 56 38 32 76 67 45 68 46 68 62 54 63 45 36 36 42 46 54 59 72 64 52 79 76 56 62 32 55 46 45 32 39 35 47 74 34 73 54 79 52 51 63 43 47 73 53 40 55 54 65 31 52 38 75 56 50 71 68 59 52 57 73 38 34 52 56 67 46 33 70 42 69 33 59 79 52 32 32 49 
34 59 64 68 54 56 43 64 52 78 33 33 37 48 63 67 75 59 41 74 39 41 37 56 52 75 72 52 58 76 41 65 65 59 46 62 36 38 79 50 76 54 50 56 36 63 75 54 71 68 68 44 34 57 33 72 34 53 32 55 41 72 54 79 65 70 76 58 35 34 71 39 61 59 32 63 72 62 42 79 41 77 35 70 49 39 58 69 58 60 51 58 70 36 78 74 75 
55 40 78 46 60 45 44 56 52 59 73 62 35 66 63 35 67 62 68 45 44 48 79 62 38 76 68 58 68 75 39 49 74 42 49 79 48 47 38 73 41 33 70 66 56 33 34 30 48 53 77 76 46 60 45 32 30 47 53 66 48 77 59 54 58 40 38 55 47 42 64 32 49 42 50 41 65 70 41 44 30 40 75 47 34 67 47 45 72 68 53 45 59 67 68 49 66 60 
39 70 51 49 61 56 50 41 34 73 64 37 79 66 59 30 37 35 45 64 79 74 72 50 49 47 43 33 47 57 40 35 33 71 42 56 34 52 64 46 30 73 75 32 77 51 41 74 39 46 65 69 48 37 48 34 30 62 79 50 65 78 72 46 62 59 46 39 38 63 79 65 37 50 51 72 60 57 36 75 66 33 32 48 65 65 58 58 40 31 79 44 65 56 37 67 71 68 73 
76 63 73 48 53 65 39 76 61 41 69 64 53 79 61 79 72 36 30 67 70 49 53 68 47 63 30 38 36 68 43 50 46 38 65 53 59 78 36 50 55 76 63 68 49 76 70 55 49 49 71 77 75 34 38 38 74 71 71 67 30 62 55 66 68 38 60 65 43 64 33 57 65 56 50 66 61 50 79 78 57 79 65 53 67 31 61 47 63 51 56 59 61 74 72 47 30 58 46 64 
