1 1
2 1
3 2
4 2
5 3
4 4
3 5
3 6
3 7
4 8
5 9
5 10
6 11
7 12
8 13
9 14
10 15
11 16
11 17
11 18
11 19
12 20
12 21
11 22
12 23
13 24
14 25
14 26
14 27
15 28
15 29
15 30
15 31
16 32
17 33
16 34
15 35
14 36
14 37
15 38
14 39
13 40
13 41
13 42
14 43
15 44
16 45
17 46
18 47
19 47
20 47
21 48
21 49
21 50
21 51
21 52
21 53
22 54
22 55
23 56
22 57
21 58
22 59
22 60
22 61
23 62
23 63
23 64
23 65
23 66
23 67
23 68
23 69
23 70
24 71
25 71
26 72
25 73
26 74
27 75
27 76
28 77
29 78
30 79
31 80
32 81
33 82
34 83
33 84
33 85
33 86
33 87
33 88
33 89
34 90
35 91
36 91
37 92
38 92
39 92
40 92
41 93
42 94
43 95
44 96
45 97
46 97
