1 1
2 2
3 1
4 2
5 3
6 4
7 4
8 3
9 4
10 5
11 4
12 3
13 4
14 5
15 6
14 7
14 8
15 9
15 10
16 11
17 12
18 12
19 13
19 14
20 15
21 16
21 17
22 18
23 19
24 19
25 18
26 17
27 17
28 17
29 18
30 19
31 20
32 20
33 19
34 20
35 21
35 22
35 23
36 24
37 25
37 26
37 27
37 28
38 29
39 30
40 31
41 32
42 33
42 34
43 35
43 36
43 37
43 38
44 39
44 40
44 41
45 42
45 43
45 44
45 45
44 46
43 47
43 48
44 49
44 50
44 51
44 52
45 53
46 54
45 55
45 56
46 57
47 57
48 58
48 59
49 60
48 61
48 62
49 63
50 64
51 65
52 64
53 65
54 66
55 67
56 68
57 69
58 69
59 70
60 70
61 70
62 70
63 69
64 70
65 70
66 71
67 72
68 73
68 74
69 75
70 76
71 76
72 77
73 78
74 79
75 79
76 80
77 81
78 82
79 82
80 81
81 82
82 82
83 83
83 84
83 85
84 86
85 87
86 88
87 88
88 88
89 89
90 90
91 91
92 92
93 93
94 94
95 93
96 93
97 94
97 95
97 96
97 97
98 98
98 99
99 100
100 100
