100 1118
136 28
34 20
119 51
134 38
25 39
51 6
186 20
142 26
38 4
100 12
150 100
200 5
132 77
100 48
73 39
125 64
101 82
90 49
16 28
66 67
45 29
11 42
121 51
83 39
71 65
153 75
56 89
171 67
26 10
168 64
183 84
174 74
114 24
112 51
1 62
128 22
52 24
146 35
196 92
62 24
15 16
77 79
13 68
78 29
86 53
61 26
189 59
76 9
8 46
141 22
74 23
147 31
160 47
188 90
144 82
111 95
155 14
33 39
164 75
58 100
105 76
89 41
145 94
158 97
152 29
93 72
11 40
98 92
63 57
44 69
62 64
21 27
167 41
106 75
18 85
123 39
97 43
110 44
146 98
151 21
33 42
136 77
21 33
80 46
68 68
102 11
189 27
51 44
60 66
90 9
7 4
196 89
84 69
115 67
198 8
1 58
6 55
109 55
166 91
21 93
