100 1118
119 47
55 68
120 70
166 51
135 15
163 23
17 78
132 57
137 53
42 11
56 10
92 31
147 24
146 48
108 85
86 48
145 35
157 31
44 14
125 33
53 22
160 100
94 8
29 53
120 2
79 79
197 99
124 3
148 11
185 19
117 30
190 16
65 57
39 82
57 31
129 71
49 1
170 22
128 8
108 78
33 13
70 84
109 100
153 78
148 64
141 67
2 93
75 45
21 97
3 70
101 76
101 57
88 55
109 91
88 82
47 58
158 88
69 30
66 52
172 49
14 38
25 93
4 88
32 95
103 8
117 40
151 45
181 10
14 68
115 69
52 52
63 27
3 66
2 65
166 80
118 66
9 58
142 19
52 19
34 53
142 68
62 71
181 49
91 61
4 60
64 12
61 87
91 2
36 56
157 80
3 16
128 84
102 86
148 74
141 79
184 77
100 36
154 42
108 69
69 50
