1000 1118
106 68
26 43
61 45
169 68
165 36
50 48
191 13
79 59
171 96
136 11
56 96
57 30
19 18
115 43
68 82
12 29
193 35
77 50
40 61
76 84
177 22
58 10
50 50
111 68
29 72
18 100
56 85
200 28
133 61
19 24
183 8
166 42
13 94
21 26
128 18
33 71
192 24
86 85
107 33
37 34
93 58
79 2
70 13
68 42
107 55
22 58
129 63
29 9
65 92
148 26
3 36
188 12
151 2
194 63
49 56
70 2
195 28
144 84
169 20
51 60
132 77
113 27
142 11
52 1
107 86
173 67
137 7
60 14
82 61
66 4
97 24
130 89
175 70
67 61
172 28
90 31
95 86
43 94
98 51
169 10
58 63
83 29
11 97
12 15
51 3
73 78
152 63
180 55
198 2
122 56
187 77
133 27
39 42
196 99
167 35
195 24
196 60
142 52
7 91
14 1
61 78
172 55
107 55
115 74
85 38
14 21
101 1
27 27
186 48
86 9
91 29
16 97
38 24
31 71
175 23
52 46
118 46
127 73
84 97
125 14
161 32
66 72
197 60
48 67
72 51
162 78
131 100
193 31
7 36
117 36
71 24
135 44
83 91
92 81
88 71
166 53
55 76
99 27
49 90
66 2
171 99
15 74
50 58
75 22
32 37
109 25
26 35
112 93
150 81
10 77
78 12
39 55
165 88
66 86
126 31
56 16
76 12
121 59
170 74
149 24
163 39
165 40
19 41
160 5
182 48
182 76
152 12
190 88
7 8
78 34
20 36
194 11
85 1
100 2
114 66
83 17
5 22
169 74
21 19
2 55
3 35
155 79
127 74
40 29
99 40
53 16
131 28
142 99
22 32
180 95
182 85
94 70
83 75
186 98
112 23
132 57
1 6
172 9
194 9
51 30
89 85
74 74
145 93
86 64
112 73
87 10
111 87
138 51
9 1
47 72
149 96
35 7
161 67
69 27
80 27
17 55
47 19
171 45
167 87
93 99
121 31
32 38
45 72
59 95
176 12
97 32
35 42
37 39
44 81
155 99
163 26
152 67
157 92
181 9
132 10
185 24
179 68
196 26
38 63
151 43
93 95
197 73
40 60
193 44
17 27
156 37
54 78
41 98
142 13
117 68
178 19
178 60
114 13
116 79
106 70
28 98
58 27
91 19
77 61
14 15
70 26
31 71
150 26
176 88
42 34
191 100
173 56
62 79
40 85
103 23
142 32
33 62
88 62
86 97
2 30
139 38
131 19
97 92
143 24
61 20
145 89
195 21
6 71
56 19
14 77
88 77
14 28
46 66
139 4
167 12
54 3
193 45
190 97
73 54
43 98
80 46
175 54
2 21
167 19
144 34
180 29
159 80
196 73
194 69
165 6
121 37
159 58
17 54
16 41
19 13
128 72
18 48
115 5
108 9
74 100
141 64
32 40
113 48
11 60
61 23
182 54
199 2
144 8
164 30
68 14
147 95
53 73
150 93
159 81
58 62
53 71
109 8
92 2
13 58
82 34
126 58
45 3
177 46
170 2
187 64
168 55
121 26
28 83
55 99
101 59
200 16
124 61
74 24
162 87
199 83
52 70
69 9
125 39
127 18
171 29
85 5
47 2
174 76
141 81
100 50
78 44
190 23
187 17
40 6
143 96
137 83
36 45
195 14
170 14
61 14
26 42
65 22
164 97
141 21
154 50
126 65
158 45
172 78
40 16
164 32
55 46
136 25
25 70
21 27
121 47
76 76
191 11
139 35
84 30
1 34
102 85
11 56
112 36
6 98
97 30
41 21
172 10
99 49
116 95
136 16
145 21
120 89
154 37
84 12
139 36
32 44
130 27
9 68
171 62
145 46
49 10
93 15
73 79
11 48
4 52
131 53
76 84
138 16
186 59
191 60
145 60
18 74
196 46
93 8
87 47
108 1
164 57
126 90
44 61
60 66
35 98
145 69
163 40
186 90
26 47
60 35
5 35
119 97
162 71
6 96
54 36
83 24
54 54
172 78
147 45
120 19
145 58
116 67
83 62
146 40
57 72
80 13
84 3
151 37
20 52
37 65
60 98
66 85
199 6
152 63
76 7
33 46
58 52
52 50
18 35
198 92
182 17
156 78
117 54
67 94
84 57
54 88
193 97
43 18
121 37
58 20
191 46
178 33
33 19
141 37
153 66
37 86
55 50
43 12
140 2
62 44
28 98
26 69
78 60
4 72
152 83
184 68
112 5
55 94
103 72
18 4
171 51
39 66
49 23
176 41
147 84
5 68
92 10
179 42
35 66
168 63
49 18
160 13
24 31
54 29
72 2
89 84
47 95
189 94
103 51
76 6
117 58
199 100
73 39
136 39
191 57
121 85
73 55
138 11
90 92
145 22
148 68
75 23
101 53
10 29
128 55
26 84
58 31
15 27
46 32
143 39
170 6
197 13
114 40
93 57
53 99
50 38
24 21
114 7
162 46
122 56
71 45
83 43
20 80
12 74
36 89
124 59
182 10
105 56
105 22
97 52
186 78
133 36
143 44
30 68
134 20
156 56
164 14
80 68
200 29
139 17
140 28
98 8
106 8
180 48
12 79
93 20
52 93
80 87
147 18
41 94
145 34
50 76
188 67
9 54
200 20
31 77
151 6
89 92
29 53
95 26
133 86
114 35
149 21
28 39
85 93
175 33
73 73
127 27
90 36
74 83
70 72
46 19
11 98
138 9
170 20
193 80
174 44
94 52
24 99
120 88
166 21
171 6
186 50
147 82
50 48
87 80
188 89
63 80
125 71
34 60
58 63
58 94
71 94
105 92
36 31
147 13
186 3
41 64
188 55
17 72
109 50
146 91
197 48
160 52
14 97
71 1
103 11
83 65
130 37
95 93
64 77
49 89
22 74
145 37
80 28
200 54
194 66
7 8
126 14
123 96
20 29
112 53
109 55
38 89
143 69
71 37
27 65
37 84
61 32
63 13
167 12
146 82
38 56
101 75
64 3
135 1
18 53
59 46
54 26
178 98
120 3
139 27
75 46
161 26
44 24
13 97
136 32
143 42
199 22
100 7
13 2
193 3
54 2
31 60
83 60
114 79
118 94
172 94
125 35
50 12
43 5
73 15
123 3
62 91
157 54
81 51
114 24
176 84
156 36
124 66
85 70
67 75
104 15
166 50
21 53
109 30
17 9
105 29
164 50
80 25
115 28
198 99
166 95
33 38
7 1
65 97
136 13
188 32
56 93
161 83
200 80
2 30
13 2
175 77
151 52
118 35
40 58
106 26
154 71
144 86
142 11
196 59
97 38
164 10
25 44
170 71
95 29
94 84
26 53
161 54
84 16
21 77
40 58
157 70
59 79
89 34
158 37
86 79
132 99
72 37
45 34
41 92
163 27
45 22
167 36
160 66
139 92
44 41
52 80
170 75
16 79
163 72
67 12
122 23
176 44
76 8
187 36
70 56
189 83
167 2
186 11
28 22
15 49
20 20
109 7
59 33
135 31
28 72
118 100
164 66
19 1
197 83
133 39
153 92
92 36
171 16
53 60
161 21
167 12
118 98
92 17
133 3
102 81
84 36
142 4
20 49
154 23
158 97
114 18
38 53
125 91
192 11
78 88
81 56
104 90
117 88
4 15
77 55
4 45
166 75
6 3
91 50
181 7
82 51
87 86
53 99
193 67
138 28
34 38
165 14
198 97
166 91
89 85
152 78
57 55
196 51
90 63
13 16
115 90
139 76
80 19
109 25
80 45
124 98
88 51
167 61
68 5
11 90
59 64
35 22
52 23
86 23
107 95
140 91
157 68
168 45
105 77
22 42
52 33
6 73
200 14
47 6
75 40
69 62
12 98
200 70
12 35
127 48
86 4
100 2
15 15
107 22
158 17
152 77
64 46
125 14
115 50
147 85
171 99
96 62
64 3
150 42
157 60
76 69
152 75
197 82
157 18
137 70
20 23
11 35
61 98
4 53
75 12
124 93
183 68
1 100
17 86
98 85
108 46
115 3
9 91
49 50
30 53
189 40
88 28
61 98
30 25
140 44
30 2
172 44
69 21
15 21
66 22
106 17
140 65
102 18
176 16
85 49
73 69
166 31
124 39
130 28
125 79
156 67
88 91
90 45
20 35
196 72
173 25
98 66
158 85
158 80
164 38
129 80
2 83
60 8
23 5
141 50
75 72
111 73
74 79
85 62
127 9
6 45
196 6
8 32
78 8
88 72
32 60
95 72
176 15
110 26
78 21
99 17
168 35
27 53
84 100
99 41
106 51
149 97
199 77
51 37
57 57
40 3
170 32
63 34
187 3
114 93
146 46
23 98
151 20
115 77
49 6
188 62
132 52
121 58
96 52
44 69
103 62
36 70
38 87
39 90
59 71
122 63
20 96
40 80
185 9
27 62
177 89
59 39
172 55
102 98
115 9
138 88
171 84
128 83
34 27
10 61
197 6
158 78
199 54
42 22
148 73
38 16
151 46
83 44
151 7
114 78
168 45
175 89
195 67
26 10
146 55
165 80
