1000 1118
60 22
129 86
20 52
179 94
179 32
76 41
12 58
127 44
43 50
60 73
111 46
59 63
121 60
189 56
88 100
23 94
55 24
16 8
83 82
196 92
114 38
74 63
166 79
150 72
37 22
25 8
85 9
30 84
97 39
35 17
49 17
197 95
38 14
155 35
54 58
168 52
148 78
114 2
46 96
152 11
78 86
171 22
98 15
155 56
27 81
102 61
89 100
99 13
108 15
33 12
142 3
200 44
195 95
140 43
20 96
42 70
93 75
179 55
79 50
2 100
46 31
108 4
65 83
71 92
59 30
55 11
89 98
101 21
61 74
148 82
52 38
122 52
160 44
124 64
135 22
15 63
123 85
122 97
136 51
94 11
126 3
144 2
172 28
86 86
68 11
93 11
30 43
187 12
105 27
185 21
9 18
106 10
94 92
89 48
116 54
78 22
73 31
187 81
148 100
151 47
136 76
76 19
30 64
29 81
147 80
36 44
28 23
118 87
185 77
175 16
198 58
143 73
183 99
47 19
61 74
30 63
127 40
180 45
182 78
57 88
16 66
49 96
5 41
73 6
127 23
148 37
160 81
106 52
16 64
83 52
74 49
53 67
62 95
28 23
128 45
62 57
162 15
178 46
166 21
75 34
24 82
34 78
98 95
55 33
32 45
103 44
6 16
191 59
131 22
151 34
140 69
99 98
82 90
59 52
195 8
8 52
105 74
42 93
73 14
51 18
56 92
52 72
139 4
15 61
101 23
124 59
60 21
192 37
66 16
132 10
65 34
54 64
121 48
12 72
56 5
190 45
168 82
192 82
28 25
180 94
52 40
8 71
184 99
127 42
100 44
91 89
165 87
157 50
109 66
62 39
102 78
60 89
187 88
68 71
66 82
12 22
160 30
153 36
80 48
94 59
66 46
65 51
86 18
33 68
77 59
86 55
117 49
80 82
133 95
172 93
138 59
47 72
174 31
78 58
55 79
16 11
13 43
193 64
31 75
104 45
10 87
151 86
146 34
168 62
1 97
149 17
129 81
83 40
19 7
65 77
185 66
153 30
180 12
1 44
29 55
109 52
167 11
94 2
108 14
164 45
53 68
126 95
43 1
39 77
130 4
146 36
36 12
179 96
114 54
124 21
49 26
110 85
91 2
53 62
28 85
26 62
109 23
111 5
197 94
197 36
61 13
95 14
105 65
43 33
112 59
172 78
191 57
103 71
94 50
134 19
159 44
153 55
108 70
98 59
120 59
75 3
138 51
162 46
144 49
49 97
167 12
171 49
173 39
6 71
80 48
114 17
147 4
189 17
170 18
195 31
162 63
187 58
43 29
59 14
187 93
82 21
58 57
157 99
6 29
165 18
163 75
120 62
142 69
71 9
101 72
186 41
113 97
79 13
191 66
91 30
152 74
53 49
48 7
128 8
70 24
118 49
166 80
67 87
190 15
121 59
171 33
33 43
51 26
164 50
73 27
135 32
188 46
157 91
106 14
187 99
16 89
40 2
73 6
148 66
173 47
114 41
189 32
160 17
115 48
185 38
169 23
199 43
27 34
97 36
64 78
8 37
139 32
140 21
118 95
64 39
178 60
5 40
111 78
93 80
142 30
183 23
49 9
25 7
101 37
200 4
190 71
13 3
141 7
128 22
97 43
124 47
29 28
145 4
132 73
3 100
16 11
13 16
91 88
97 78
45 13
139 49
164 5
29 7
126 100
113 2
83 85
136 58
51 90
186 9
134 22
32 15
156 67
94 95
6 75
41 19
182 14
106 3
52 38
105 34
73 54
104 57
126 42
120 43
185 69
169 30
60 64
144 1
193 86
110 13
18 96
158 76
140 9
168 40
170 59
40 85
107 35
73 67
77 57
23 31
77 82
33 77
181 7
103 27
160 90
54 36
107 7
189 95
65 39
86 42
141 16
75 12
128 25
193 70
97 10
123 85
178 30
80 39
168 44
146 42
156 74
61 51
32 17
179 38
193 67
183 49
51 18
67 11
6 15
5 86
31 94
121 22
108 78
62 52
20 38
68 16
142 96
30 91
61 84
117 15
147 5
124 49
35 51
14 51
50 87
176 38
108 50
114 47
196 47
4 21
83 29
76 71
145 81
14 84
18 100
187 14
29 74
173 86
116 63
148 36
18 41
109 30
5 87
134 46
15 11
8 71
19 94
157 63
140 18
177 86
1 69
175 18
81 10
15 76
137 83
171 67
199 84
46 82
48 71
6 7
79 64
152 73
148 45
183 91
148 43
34 68
154 64
66 32
157 6
143 80
181 3
39 42
96 61
108 14
79 66
167 18
96 41
73 39
132 82
150 43
59 94
76 57
35 81
174 11
100 54
55 82
126 49
106 20
111 72
179 35
149 1
193 53
115 43
121 64
33 89
182 88
109 70
155 62
52 51
75 31
173 54
101 30
19 5
38 96
48 59
189 4
131 38
67 72
16 53
5 83
90 97
147 80
72 26
129 17
72 75
23 51
107 37
178 81
152 45
39 6
196 67
185 81
13 83
83 77
16 73
160 71
93 78
25 58
72 54
156 12
131 11
137 38
50 46
14 27
141 13
72 60
161 87
2 29
74 16
68 65
93 61
96 65
105 49
187 100
168 28
184 65
148 94
198 5
168 13
63 32
189 2
75 44
58 75
48 91
124 5
152 70
147 11
94 70
86 11
11 17
67 66
97 58
164 24
77 11
192 18
133 61
164 20
46 12
121 8
181 51
150 83
177 23
94 30
141 95
92 35
166 95
18 63
171 2
31 12
179 76
200 47
122 93
60 25
91 11
9 12
158 41
97 86
2 14
193 54
185 74
179 74
158 66
20 86
148 83
39 5
4 2
105 61
8 100
20 83
125 89
155 23
145 69
185 43
139 12
46 11
97 19
170 22
35 50
91 84
93 75
113 47
146 23
16 58
20 29
96 44
45 98
107 78
18 95
157 40
23 57
46 95
42 50
1 94
16 87
143 8
105 88
170 25
173 44
40 9
113 40
146 34
11 98
144 58
113 81
30 62
3 96
160 48
80 72
25 7
158 77
26 20
143 30
1 59
82 65
109 27
132 67
124 87
129 65
44 17
47 84
145 19
11 38
150 1
197 6
194 75
177 3
121 14
64 97
159 76
47 44
24 85
132 6
196 20
48 58
69 93
85 33
43 28
127 25
97 97
179 59
104 92
101 20
59 71
142 91
196 4
187 74
109 85
176 69
144 95
176 74
150 19
137 85
145 15
51 55
43 10
40 97
129 84
116 30
106 70
178 93
180 19
155 14
175 39
140 34
29 44
116 4
133 24
40 94
60 34
180 44
177 11
22 92
80 58
11 63
93 13
112 51
184 44
85 92
94 9
111 81
53 42
143 41
103 50
69 5
81 71
96 100
40 86
184 97
37 60
82 62
10 98
57 84
160 70
124 19
174 43
133 98
52 34
126 16
20 65
115 56
112 57
115 33
26 42
50 26
80 22
77 94
164 96
126 66
97 18
95 50
2 71
107 62
126 46
102 85
162 39
75 83
142 75
6 74
99 12
125 52
126 12
165 38
54 40
67 64
107 3
143 27
153 53
176 46
42 46
12 96
175 4
160 77
23 36
148 47
23 65
178 38
54 87
20 29
71 21
80 79
70 57
138 100
58 9
162 89
39 96
63 32
159 54
184 50
151 59
178 64
185 38
57 70
159 63
37 3
199 59
42 8
98 90
140 99
180 65
4 26
109 59
123 97
10 39
74 59
30 67
11 78
193 6
196 82
96 100
152 16
58 67
191 63
81 4
139 30
161 76
168 46
187 21
188 67
169 71
78 3
100 21
49 10
67 68
126 23
48 11
153 5
125 44
186 54
46 31
162 13
102 45
29 75
88 23
38 69
19 100
179 8
125 92
4 73
36 60
174 99
142 49
160 78
96 35
78 57
128 19
50 91
200 64
110 85
154 35
86 27
182 17
132 6
21 88
138 36
52 44
118 40
166 37
184 47
105 96
123 25
110 39
180 77
189 3
73 86
21 68
154 29
192 82
66 11
144 39
22 20
198 84
167 71
95 33
66 60
157 14
119 99
92 46
141 68
115 81
74 98
167 100
109 60
60 5
141 49
64 26
156 54
120 50
116 39
143 91
137 39
103 11
193 52
150 10
92 97
136 78
46 3
69 53
107 44
113 51
14 52
177 70
179 39
12 6
44 71
51 15
113 84
5 10
69 2
103 18
26 79
197 51
23 95
59 37
120 25
172 74
40 51
77 17
48 80
55 35
96 32
141 75
146 100
83 40
199 41
53 62
185 11
194 90
11 75
37 68
93 52
42 95
93 39
130 67
173 84
179 20
185 38
114 57
169 11
13 73
14 95
42 1
30 67
4 17
26 55
23 76
14 31
96 73
39 34
46 85
122 13
24 33
22 28
36 21
60 24
39 67
146 88
147 60
29 2
101 44
30 82
111 23
91 15
21 66
167 39
192 24
184 8
53 81
61 79
99 4
53 58
63 65
146 58
25 64
37 53
145 12
196 19
