100 1118
170 58
21 84
101 20
186 46
198 6
194 24
144 71
41 82
80 27
35 52
151 57
160 63
2 29
20 32
45 55
14 71
184 88
4 86
187 1
27 13
191 33
124 11
177 3
17 96
156 36
14 1
172 15
122 54
132 71
156 68
75 28
1 19
28 10
124 1
141 28
167 89
19 20
114 31
72 74
43 49
132 100
70 42
58 31
8 99
18 92
153 50
76 2
120 4
114 86
118 65
80 89
2 35
173 4
1 17
106 8
136 23
121 50
80 23
8 90
140 25
15 51
129 15
75 53
150 51
158 25
151 65
41 93
2 75
129 13
2 17
28 15
74 59
27 90
22 74
20 59
127 56
19 60
47 11
90 4
160 91
48 35
137 31
76 23
123 91
90 54
38 94
108 86
188 62
198 90
173 69
175 35
12 82
104 29
140 75
78 15
89 5
145 5
122 31
95 93
63 78
