100 1118
104 33
181 23
184 12
157 61
173 70
15 79
71 63
38 71
72 31
116 9
82 10
140 97
198 6
112 88
86 42
52 62
63 20
59 33
157 88
115 46
159 47
128 67
22 85
65 76
132 66
125 51
126 31
68 53
125 85
3 86
100 82
36 4
73 96
96 70
84 28
153 77
13 7
52 71
184 38
25 41
139 64
35 65
10 63
36 58
109 95
194 39
101 48
113 87
183 81
51 86
57 32
163 71
110 100
127 44
55 5
84 40
88 40
80 5
126 62
72 9
187 95
31 29
106 39
4 40
69 87
195 9
109 71
164 60
109 58
69 50
58 21
197 99
177 45
31 6
32 78
127 40
175 82
43 35
58 45
126 84
130 86
151 22
7 26
87 65
145 82
41 88
29 21
165 15
169 37
181 77
112 3
184 75
159 74
5 58
145 82
55 13
126 94
63 61
197 27
175 91
