1000 1118
51 52
1 33
69 14
79 61
18 58
189 52
3 90
92 5
85 1
163 91
67 63
177 38
198 2
69 18
64 5
191 95
176 17
136 55
102 17
199 16
133 37
85 65
50 9
88 44
18 26
67 72
104 51
105 94
24 30
167 14
194 5
128 65
12 19
184 68
17 64
57 10
78 58
77 91
104 96
11 32
32 70
47 59
127 26
39 62
17 42
115 84
49 45
156 7
87 60
173 12
26 34
51 53
153 27
86 50
54 42
57 49
196 51
67 71
194 100
12 52
101 45
71 3
105 65
150 15
151 75
137 67
176 1
136 74
73 35
40 71
116 58
77 44
127 68
36 29
115 21
25 65
17 22
27 2
125 23
196 64
157 29
67 40
122 16
176 21
168 18
22 89
174 24
15 28
86 22
183 62
97 4
118 85
62 15
200 5
12 82
46 46
132 15
59 33
88 36
112 20
21 38
60 14
139 72
166 6
139 51
39 100
80 38
115 1
175 50
92 2
195 54
142 1
153 83
159 31
118 15
173 73
162 99
118 38
30 35
7 70
54 48
34 92
36 88
200 65
20 86
61 87
17 58
100 44
131 12
120 36
8 86
130 100
148 87
79 4
120 45
18 10
182 95
156 50
172 63
42 100
83 100
187 41
195 35
156 82
7 13
174 10
150 8
9 53
62 49
6 88
138 99
165 81
61 100
180 52
73 33
52 97
195 70
76 93
154 85
102 69
141 11
71 40
121 24
26 32
4 84
192 12
76 69
70 99
144 37
31 87
178 83
109 8
82 38
50 12
73 44
39 19
70 85
82 78
174 53
75 64
200 12
9 57
115 23
113 87
42 50
6 78
120 48
83 10
102 95
149 38
157 73
142 58
46 78
103 30
116 16
180 19
141 81
95 13
66 90
156 31
82 20
46 95
145 43
26 46
95 27
127 91
179 23
148 75
108 13
79 83
176 20
192 1
171 7
56 18
21 88
32 42
198 99
60 11
136 89
12 24
163 49
192 64
199 82
7 51
52 43
25 99
4 66
108 90
7 69
156 47
194 91
73 88
77 8
149 20
124 69
94 8
71 95
124 47
7 25
120 37
159 11
147 35
135 8
53 87
120 30
162 48
146 78
38 99
59 49
150 79
49 52
47 81
164 31
72 71
116 49
174 37
75 31
23 28
78 2
96 15
66 39
18 19
46 16
57 50
113 38
151 82
40 79
132 6
20 18
130 71
80 23
40 44
186 75
61 19
132 95
131 65
120 92
84 100
58 10
2 96
96 6
63 98
26 16
142 67
4 36
57 72
159 74
129 64
144 19
16 76
169 59
168 40
167 79
37 55
165 80
29 28
26 73
143 90
30 73
124 20
117 30
187 9
163 4
18 26
46 92
107 13
137 33
82 44
188 35
57 27
161 14
116 98
121 90
136 29
8 50
119 1
169 26
192 70
46 7
98 92
61 97
10 57
82 27
73 71
46 65
88 5
61 33
105 31
140 79
14 54
82 40
145 87
114 53
98 23
55 65
194 96
87 68
167 89
169 2
192 24
117 84
43 92
125 63
29 8
44 81
51 95
57 66
200 55
54 49
14 46
186 98
97 50
194 80
8 69
50 10
183 82
58 31
124 28
105 13
160 33
14 19
179 27
53 76
13 88
19 72
135 75
22 43
165 41
122 100
146 18
85 65
148 78
189 67
104 96
41 89
181 57
111 78
178 50
82 41
9 86
53 10
194 94
163 36
60 36
186 79
25 28
43 74
26 21
173 31
173 64
22 98
68 28
158 26
18 88
22 47
192 9
35 64
13 54
117 65
36 22
138 60
172 64
135 61
107 12
172 50
83 52
155 18
63 68
9 78
92 17
31 80
41 98
65 41
69 25
195 56
55 82
125 8
182 64
137 63
194 16
49 34
181 88
69 98
168 61
130 42
66 10
107 45
97 42
10 95
68 23
74 80
184 90
81 60
179 64
122 85
132 95
14 42
104 26
55 31
95 72
84 15
138 41
98 83
26 57
183 6
134 37
23 61
60 29
42 24
94 17
180 5
63 61
106 4
16 89
18 88
48 95
52 92
65 10
161 63
177 17
28 40
38 47
13 11
118 4
136 16
14 81
131 45
153 71
19 32
163 5
1 65
153 93
131 74
87 31
10 54
73 66
139 96
187 54
13 83
119 66
55 68
44 34
95 46
87 61
131 92
5 36
97 54
43 36
76 24
4 98
87 94
187 49
108 35
10 94
190 24
188 83
71 28
129 51
106 25
161 42
136 64
37 6
16 73
170 59
71 4
80 62
171 44
19 41
173 12
31 32
141 41
143 91
91 26
1 53
86 94
173 89
167 18
147 7
29 24
102 28
181 50
146 77
190 50
127 100
112 12
86 99
187 35
35 100
174 73
109 88
148 58
63 6
155 45
145 84
23 91
138 37
103 64
9 92
10 15
6 8
132 91
76 21
119 22
68 71
18 7
178 44
175 65
105 98
120 11
80 80
14 56
58 99
171 21
35 12
32 97
25 12
116 75
111 78
105 32
178 87
176 50
4 92
19 80
88 21
27 21
33 25
191 55
32 30
24 37
28 18
91 71
49 37
98 38
60 45
76 56
175 6
161 11
85 19
118 40
8 86
12 16
140 83
126 58
127 100
28 75
128 66
119 44
17 66
7 76
19 83
186 56
17 28
24 71
61 42
181 13
118 75
196 49
63 75
140 52
114 71
172 9
173 8
140 93
102 53
94 55
14 58
14 82
22 5
1 42
64 34
105 86
119 30
28 34
134 36
191 46
34 17
65 57
24 26
32 56
36 25
95 15
36 47
31 87
123 70
145 59
141 72
19 72
170 52
14 14
46 8
145 7
173 14
47 28
43 26
93 33
129 29
75 5
119 40
79 96
47 43
100 26
147 5
57 32
89 74
96 78
104 100
4 45
43 22
192 46
86 90
45 62
185 78
60 39
147 59
166 49
30 14
33 56
156 80
183 85
58 60
179 7
171 45
28 16
44 9
84 92
178 53
113 31
22 7
10 50
171 34
40 37
171 100
129 48
159 14
102 90
2 33
169 11
22 21
94 44
144 54
190 58
102 59
161 76
179 34
182 8
140 18
124 40
114 22
73 65
106 92
12 27
98 81
68 10
46 34
167 57
71 42
72 83
54 59
52 38
90 51
147 42
19 33
132 83
90 27
8 50
186 1
71 64
195 58
187 96
24 73
191 81
163 64
177 69
140 51
123 4
169 28
33 62
157 25
7 99
113 8
112 48
121 34
137 65
100 68
56 92
44 38
9 100
187 16
140 3
99 61
148 48
113 16
92 82
64 8
169 54
181 2
173 14
142 30
11 56
139 23
160 27
37 100
8 92
18 20
63 47
153 48
11 32
64 72
141 34
125 2
105 73
102 72
25 55
136 73
193 94
188 9
116 46
74 58
91 8
143 2
38 21
167 42
179 35
15 62
5 61
178 4
22 3
132 86
143 84
10 74
105 52
17 76
99 82
106 67
39 75
6 72
24 27
24 11
114 95
156 87
138 92
109 40
149 5
31 30
87 16
122 82
108 75
179 20
115 61
115 81
1 89
187 38
122 37
139 40
182 19
152 47
181 68
16 15
139 59
27 90
165 48
101 27
138 58
5 96
199 17
102 20
2 67
60 1
69 46
119 98
77 89
43 6
19 40
144 49
71 65
30 27
162 5
118 83
109 59
11 30
188 24
133 7
145 64
97 67
176 65
40 83
71 81
10 80
83 67
7 76
88 10
132 12
71 34
143 23
132 63
89 64
200 91
172 27
103 84
138 57
1 19
61 49
196 82
91 11
98 70
106 94
149 8
56 41
145 92
161 46
18 65
57 27
125 89
150 58
70 93
118 83
66 15
69 3
193 92
179 4
194 67
198 8
187 55
156 21
142 71
72 19
195 4
186 100
118 37
12 45
184 53
29 85
18 92
99 49
106 45
157 49
181 27
40 97
200 53
101 21
47 61
105 37
78 12
8 74
197 40
33 16
52 36
60 32
176 78
31 42
66 57
104 9
185 79
126 41
93 19
67 92
61 80
173 14
18 73
146 24
62 55
190 47
14 85
7 45
79 62
35 90
25 20
68 52
179 81
136 82
78 6
184 35
143 47
198 34
69 1
15 6
141 18
41 87
6 37
165 28
155 7
170 56
126 100
186 36
10 6
60 16
121 85
197 81
148 53
66 80
24 90
88 23
84 19
15 61
144 32
26 82
59 20
168 37
101 68
132 46
32 24
79 28
93 92
19 46
75 59
122 30
109 34
43 61
114 68
135 94
66 87
109 50
155 55
100 32
7 10
200 74
144 71
48 32
43 6
35 89
77 49
43 24
20 70
100 67
165 45
144 62
17 6
48 92
105 79
6 20
174 49
140 98
95 4
192 44
103 43
191 85
50 57
122 69
171 72
137 32
110 92
163 5
7 54
84 93
197 82
20 22
43 39
75 41
81 66
159 39
164 15
30 85
183 5
93 26
86 70
17 26
147 79
31 40
43 87
87 67
