100 1118
108 79
30 15
75 79
178 78
93 49
29 56
70 60
24 56
165 71
49 80
155 78
104 35
121 11
39 47
120 85
181 32
112 27
129 27
72 51
45 19
90 84
91 69
47 79
47 20
66 60
72 48
159 41
166 61
136 62
191 98
72 71
68 6
112 17
85 27
96 98
76 95
90 26
23 61
77 34
164 47
11 91
49 18
110 96
160 26
119 87
109 18
56 37
84 4
42 34
69 62
166 70
94 53
146 81
80 85
197 22
16 30
69 99
28 86
39 31
183 2
136 59
47 6
118 88
117 29
44 90
87 61
44 85
5 91
111 89
31 12
146 90
77 77
34 48
14 47
86 68
19 25
78 20
108 43
25 73
138 6
124 68
61 70
33 90
135 5
157 95
189 36
32 13
40 36
115 11
8 75
87 71
150 42
200 71
23 74
130 93
135 56
80 27
56 29
88 78
112 69
