1000 1118
183 74
32 34
75 67
9 32
113 46
148 11
98 21
121 54
31 45
9 86
70 40
128 72
166 27
103 89
51 91
22 100
32 54
61 78
194 37
177 31
28 40
13 57
167 86
56 9
114 70
26 22
3 23
21 4
104 36
176 96
176 26
95 50
89 19
86 67
13 26
9 26
162 5
131 76
83 14
77 56
16 41
61 6
156 38
30 14
130 12
34 63
189 53
81 65
93 67
130 23
172 8
138 40
38 64
56 50
56 72
66 31
197 56
28 35
63 14
17 48
97 77
183 93
103 4
135 89
62 19
124 74
130 100
169 89
63 93
18 30
130 50
141 100
47 14
177 26
93 74
188 24
63 80
169 99
95 32
54 100
165 12
29 2
154 54
150 100
62 56
180 11
28 84
155 15
155 32
171 44
163 29
155 74
1 14
56 25
60 53
188 91
51 74
3 70
20 26
5 22
25 94
99 69
188 99
73 87
153 73
80 46
106 37
48 59
112 50
124 2
199 72
123 90
57 40
99 18
89 82
85 93
180 37
148 71
40 55
81 81
114 55
159 15
177 57
200 58
83 42
96 56
44 66
168 24
8 82
26 85
115 94
95 14
134 49
37 25
142 81
157 99
115 47
150 88
143 98
142 41
113 1
46 30
197 94
178 37
152 24
118 54
197 26
199 7
60 87
118 61
32 58
158 50
146 33
180 95
55 93
129 58
188 38
190 2
118 26
62 43
150 67
29 49
148 64
112 34
56 57
112 31
169 50
136 99
191 31
158 98
127 89
5 15
40 14
21 20
14 57
169 75
70 89
147 37
17 38
192 68
122 30
67 99
52 73
195 19
82 54
70 75
43 72
68 92
81 39
192 96
14 94
122 66
69 45
177 50
71 25
194 56
127 90
35 20
28 69
110 83
56 91
26 64
144 89
79 22
141 18
25 34
75 18
46 79
137 66
114 59
124 12
101 86
23 48
81 47
1 72
129 75
79 31
54 88
10 44
77 34
122 79
103 34
192 11
3 54
105 20
195 31
25 28
158 9
165 47
94 57
119 62
16 56
193 56
19 62
77 74
43 90
23 80
136 25
169 12
64 3
93 9
138 82
85 54
146 85
148 84
22 70
168 35
16 37
12 36
3 70
118 6
181 48
168 2
148 3
70 75
179 64
113 97
3 46
14 57
2 43
128 2
102 51
123 92
13 41
83 1
76 64
191 96
114 43
138 27
119 22
34 24
69 67
122 21
89 44
180 57
65 23
48 42
129 37
15 19
199 55
84 23
43 87
75 52
86 35
37 93
119 87
124 76
110 55
146 64
189 86
30 69
99 64
119 59
135 38
92 38
124 27
175 10
86 89
176 56
99 67
157 20
161 59
48 69
178 4
49 4
172 30
168 86
129 60
142 4
167 80
160 69
199 98
186 96
35 24
137 71
75 5
6 28
66 17
57 74
142 55
80 46
162 94
58 24
132 48
57 27
146 47
135 75
142 29
92 89
100 43
192 56
63 100
83 6
13 55
66 78
188 64
79 24
138 13
151 38
44 49
110 68
67 35
135 41
134 29
193 80
83 14
38 55
13 30
7 96
100 52
139 4
195 78
128 67
198 23
102 4
11 42
121 50
20 58
53 41
88 57
128 75
48 34
17 70
96 66
56 60
187 91
92 92
42 37
31 97
143 16
100 98
9 36
56 19
9 52
114 52
118 25
49 7
62 90
61 39
87 22
127 98
14 51
138 57
200 15
13 7
64 55
31 65
167 17
25 12
140 17
157 49
124 28
116 21
74 64
74 31
49 19
102 3
12 87
113 67
192 53
38 40
7 68
88 58
168 78
4 96
176 95
121 59
84 60
8 90
147 21
160 77
151 78
135 68
20 97
79 4
148 26
47 33
8 2
58 96
42 7
105 8
196 83
124 1
133 78
183 15
146 56
16 29
192 35
110 84
18 64
51 51
121 23
198 95
104 34
200 33
31 24
54 39
90 45
194 16
123 7
144 40
35 26
54 40
50 50
99 51
108 34
105 50
62 6
115 10
89 17
168 79
148 42
108 7
188 59
194 43
1 2
105 49
72 25
186 78
15 60
69 13
77 83
50 79
157 44
67 36
197 72
197 22
24 42
104 18
173 59
138 45
17 98
103 14
38 19
16 96
105 77
104 72
122 23
5 74
185 41
154 32
50 5
106 13
40 80
191 69
59 83
155 71
77 85
198 78
124 84
117 92
32 5
95 80
49 88
134 64
178 4
31 64
160 27
74 44
65 78
143 44
160 32
125 18
192 93
20 98
72 14
159 29
83 84
4 54
129 1
2 60
115 78
124 39
82 3
183 1
145 44
44 39
163 66
128 88
136 57
157 69
35 35
96 62
81 47
86 31
117 31
96 6
114 85
178 33
151 41
16 49
200 21
184 58
167 37
52 30
65 25
35 30
79 93
97 82
93 51
120 37
140 74
107 75
63 13
172 15
52 59
22 10
142 66
152 21
137 13
63 34
166 45
114 44
173 91
28 16
71 91
158 60
66 68
119 72
19 98
13 7
170 24
49 3
79 6
32 71
34 17
25 6
122 35
138 62
15 32
70 11
175 60
30 96
25 40
113 15
3 7
56 37
84 81
177 14
126 13
134 2
35 52
163 70
5 16
57 59
124 2
99 82
32 99
164 15
148 20
2 74
55 70
185 16
55 34
161 7
138 58
14 76
192 85
28 23
199 65
150 9
27 96
167 80
65 71
121 89
90 57
63 18
155 60
19 35
109 37
185 62
110 97
135 99
95 76
116 24
89 56
164 68
66 17
117 30
139 70
178 59
73 29
145 46
12 100
46 68
46 42
67 7
149 71
15 47
160 28
161 36
177 26
26 27
78 72
119 96
86 7
72 39
163 71
122 14
42 9
104 5
142 21
192 30
12 53
9 82
124 79
120 3
93 24
18 5
120 16
197 53
81 64
9 26
34 63
124 9
183 12
66 72
191 28
176 80
164 72
159 4
66 24
45 1
31 85
129 20
147 22
39 19
82 94
91 87
90 16
115 57
11 27
95 34
105 62
83 49
156 58
11 32
190 67
189 61
36 81
117 89
111 81
97 20
5 69
22 81
185 71
92 89
159 47
31 19
122 45
63 82
195 83
36 91
149 99
175 84
161 95
176 71
140 86
94 47
114 32
57 92
14 84
74 66
193 85
108 36
159 42
137 54
43 81
1 54
87 61
62 73
57 5
154 73
174 18
169 24
72 4
90 27
120 8
51 98
117 35
74 44
155 48
103 86
91 76
173 12
166 1
55 33
176 27
3 92
113 70
6 92
34 26
29 87
94 52
108 59
23 15
190 8
9 81
46 46
149 10
14 32
169 5
38 36
127 35
183 88
117 84
184 60
91 55
147 18
104 78
10 87
163 35
101 10
122 70
157 91
152 41
162 41
145 65
108 66
26 97
53 49
122 70
144 99
32 19
170 62
106 67
129 36
114 100
106 95
45 15
84 42
136 33
191 92
139 36
14 40
135 67
160 98
144 59
52 13
158 24
83 94
117 31
101 8
119 100
81 39
184 12
127 78
159 62
4 44
165 11
15 43
63 37
196 58
160 14
80 6
54 64
108 45
112 55
132 96
196 81
81 1
149 1
9 27
41 4
16 19
82 55
110 65
62 77
100 84
191 76
191 87
196 10
78 62
110 58
133 40
135 73
146 91
77 27
42 65
116 71
33 15
125 67
21 92
46 51
31 16
185 42
98 72
36 14
17 80
115 6
11 29
48 48
44 62
78 63
28 15
151 67
176 88
77 26
25 99
143 73
65 87
100 22
64 52
59 72
125 59
89 13
75 35
158 18
185 68
154 82
200 3
65 3
121 94
152 11
164 68
152 89
108 61
154 94
113 26
174 12
51 55
13 98
93 93
57 91
144 55
66 52
87 78
65 4
164 87
131 51
113 55
62 27
149 26
80 5
55 37
134 8
150 62
28 71
34 1
87 15
51 48
159 44
28 63
115 78
60 83
38 92
4 24
118 67
36 39
61 43
122 79
19 21
161 52
156 45
115 82
67 12
11 40
58 25
96 77
55 81
148 84
186 3
43 7
186 2
116 40
179 17
30 68
71 90
153 26
126 3
87 40
110 61
64 33
188 73
47 25
105 9
104 56
82 11
104 38
42 45
183 71
82 56
43 97
149 50
94 65
16 47
178 40
189 28
33 50
96 68
81 62
76 91
41 71
151 47
83 78
177 66
92 29
199 99
138 40
33 99
28 45
92 45
180 65
116 44
71 71
169 67
99 1
116 85
143 76
185 77
187 47
130 62
14 39
9 59
59 16
180 84
170 77
109 17
40 69
121 69
151 97
45 86
20 83
136 8
113 76
116 79
122 80
194 69
192 45
44 32
29 42
6 53
130 20
60 69
44 6
132 54
147 40
170 21
125 90
143 49
112 85
35 44
120 75
193 16
51 24
182 95
60 28
158 29
147 67
186 41
20 98
24 88
45 22
84 17
129 99
197 15
132 82
140 31
39 88
55 32
