1000 1118
112 100
118 30
114 17
150 16
42 92
69 91
88 50
131 3
82 23
71 97
185 7
139 40
167 88
30 61
127 5
112 82
188 16
63 26
56 95
21 60
173 27
115 1
122 95
130 10
135 26
103 66
27 71
11 60
13 19
66 76
150 37
181 75
65 8
29 61
58 22
138 52
184 80
121 32
123 19
163 31
69 26
44 75
56 60
77 13
154 83
143 98
66 17
146 11
137 22
193 26
57 28
171 10
102 8
16 35
4 71
128 3
162 41
40 47
150 87
92 53
19 29
135 62
42 79
200 2
175 94
44 69
156 56
48 17
168 67
154 65
158 94
57 19
91 15
177 34
5 95
62 11
153 80
111 79
25 49
106 74
193 9
183 60
108 13
7 85
101 48
89 72
194 59
27 95
72 17
34 45
128 15
67 96
170 83
116 28
91 95
130 4
168 80
54 77
125 91
190 94
80 75
143 6
183 45
148 64
95 100
44 87
139 31
200 85
105 87
150 14
132 4
144 44
54 43
170 92
31 5
120 13
59 96
180 94
25 30
22 18
165 91
113 32
94 18
56 63
97 79
127 29
16 5
119 34
151 64
19 69
135 57
49 6
39 73
42 70
94 51
74 40
85 47
9 35
50 53
15 48
71 24
58 24
59 23
13 32
1 76
192 58
150 16
1 23
187 77
103 99
58 100
137 83
96 87
9 73
132 52
179 30
135 72
152 17
77 16
56 23
49 84
172 47
195 24
127 4
88 1
150 24
34 35
161 2
91 8
43 86
121 1
92 100
54 63
30 62
32 43
77 23
34 29
26 61
46 27
132 61
16 23
98 92
72 68
158 26
15 99
150 97
117 3
176 38
67 7
14 86
150 28
104 28
128 79
189 65
67 23
100 18
146 64
19 66
150 2
139 18
176 4
81 91
62 53
8 38
106 93
115 42
15 64
191 34
96 46
92 68
89 55
132 90
86 30
142 47
170 28
51 64
155 89
63 26
128 82
65 28
21 7
12 13
185 55
3 91
6 70
190 35
135 72
23 82
197 14
54 6
194 63
189 82
112 57
50 71
170 3
36 41
2 43
57 61
6 31
147 31
180 55
168 21
193 1
73 39
124 21
10 53
160 64
200 41
188 82
83 1
165 70
196 44
41 4
49 50
51 24
35 20
63 44
68 7
99 28
106 83
61 30
27 90
73 100
55 98
29 81
150 38
93 52
63 65
198 23
29 39
8 73
30 41
142 26
190 44
122 51
106 76
194 3
81 48
162 61
159 48
56 35
6 36
69 63
145 4
96 60
185 29
85 67
105 15
26 49
176 69
83 55
9 84
124 43
8 12
120 52
183 94
94 38
115 87
35 42
27 65
10 72
42 43
64 8
130 64
171 69
59 25
41 57
2 34
159 26
41 16
159 83
175 64
164 9
57 9
53 92
181 19
63 94
49 24
95 29
6 91
141 28
190 2
113 59
124 37
55 70
104 52
180 37
25 56
56 57
8 65
101 36
36 53
16 80
152 34
190 13
5 58
140 33
182 51
11 48
187 40
27 17
142 91
68 4
136 62
179 18
15 97
16 40
159 17
189 70
2 25
23 63
32 16
119 88
4 96
95 7
78 87
136 7
132 100
70 34
179 100
112 47
67 37
187 53
82 98
125 53
26 82
168 66
61 21
164 72
46 41
134 69
187 68
134 97
136 68
9 73
130 9
155 96
100 61
36 4
85 60
25 33
79 2
78 7
63 86
78 83
113 45
31 82
199 45
47 37
129 82
198 71
143 89
69 4
188 71
43 64
178 57
13 87
159 83
109 85
24 99
160 62
61 13
198 87
193 79
50 1
68 43
159 61
4 45
96 20
84 15
54 69
34 76
178 80
166 67
63 72
150 99
86 48
190 64
62 67
153 3
110 11
33 16
17 58
55 79
91 23
121 4
47 44
54 31
153 60
149 37
123 33
34 74
5 84
175 83
6 89
190 90
144 55
121 41
90 27
104 31
183 89
131 60
43 68
173 23
142 55
157 75
140 5
139 18
88 60
8 17
69 25
113 70
73 71
104 74
20 47
143 18
108 97
96 37
76 28
134 49
38 70
21 88
112 47
162 69
125 21
124 93
1 93
76 85
47 98
57 29
48 24
189 56
170 35
22 44
35 77
103 9
162 96
29 64
67 84
8 84
77 6
3 99
34 100
88 66
107 7
103 36
29 98
130 11
141 96
66 74
126 68
32 53
12 23
32 21
171 1
14 81
105 4
2 41
37 66
176 76
82 17
92 96
141 63
59 17
101 21
28 28
8 88
182 7
142 93
57 49
148 63
184 70
3 46
139 3
118 36
173 61
4 88
90 47
5 13
69 95
13 52
58 17
145 91
102 83
72 33
130 14
52 5
78 66
130 6
64 21
160 31
107 11
20 29
99 34
48 15
197 35
21 47
44 73
33 10
167 33
103 50
176 11
79 95
66 58
131 13
190 45
49 6
69 42
96 66
169 38
68 26
158 75
185 17
98 8
106 30
23 43
9 20
108 28
152 47
120 43
183 16
62 32
121 64
130 30
11 79
123 91
77 62
17 76
109 35
152 29
107 43
186 52
69 98
113 71
138 41
103 55
191 3
188 81
155 37
135 49
71 65
74 88
37 36
147 67
103 46
190 27
151 83
139 31
118 93
132 16
118 44
84 69
188 67
109 10
140 69
156 96
167 83
88 52
94 79
26 36
5 51
179 28
171 49
9 89
88 33
59 18
200 74
10 82
180 59
166 30
185 86
172 37
95 87
162 39
146 25
18 58
27 56
71 91
99 29
48 28
39 37
24 51
162 78
29 87
6 53
113 19
45 27
121 28
98 15
134 59
89 62
174 42
176 40
11 1
169 37
96 19
92 36
136 21
58 17
109 38
10 24
147 60
109 44
98 72
157 27
25 46
27 90
80 38
41 58
163 76
21 51
95 32
163 53
107 15
62 87
181 3
95 8
96 52
116 66
124 26
178 43
195 93
103 35
140 42
142 73
95 51
29 6
34 83
89 18
102 26
17 96
137 25
129 62
70 20
112 22
102 75
49 45
102 51
144 8
158 19
20 14
83 35
87 71
84 13
45 80
88 26
96 84
104 55
177 97
17 99
171 32
5 13
86 72
99 72
183 16
113 98
90 51
154 68
124 31
154 64
10 17
154 41
53 20
80 26
111 39
40 60
182 91
129 35
75 84
54 88
197 17
45 48
65 66
13 93
53 19
50 58
194 52
123 29
148 17
16 27
199 88
159 64
106 68
194 39
15 10
155 16
175 26
118 33
120 87
154 11
137 9
200 71
52 70
74 85
152 34
199 73
17 86
5 34
48 88
168 49
38 78
52 50
26 77
47 46
100 3
98 93
93 68
9 42
129 99
73 64
156 84
180 28
95 64
62 97
84 49
180 27
36 3
1 11
84 69
183 99
11 90
196 69
153 46
8 59
83 10
154 95
118 95
149 23
148 24
40 29
152 2
124 66
175 31
176 19
74 54
94 5
140 83
129 59
177 97
31 30
48 98
74 51
164 1
192 84
23 17
93 87
4 56
54 16
147 24
107 16
50 92
163 88
62 9
122 91
130 35
93 91
82 100
122 9
72 46
122 22
122 79
67 99
2 4
191 88
9 75
194 65
4 64
80 85
97 16
92 29
80 63
133 100
142 77
105 38
23 34
186 38
161 43
182 36
160 88
84 25
138 49
23 54
4 87
80 31
170 73
97 32
107 81
88 90
4 78
56 34
156 35
54 20
69 63
14 36
24 97
170 81
74 7
82 86
109 43
75 19
103 16
24 50
83 8
132 19
182 73
197 38
181 62
124 24
86 84
117 88
72 37
125 6
158 72
118 20
68 100
2 89
185 26
118 77
193 2
141 11
175 58
188 23
103 76
7 97
192 15
144 45
85 95
195 39
165 16
188 11
105 15
70 21
169 67
182 16
55 98
43 49
54 78
199 28
79 41
70 94
72 41
157 95
26 34
5 49
8 16
71 45
40 21
195 19
19 80
84 15
102 21
40 43
31 63
156 64
56 74
5 10
55 58
11 76
149 16
49 88
199 43
17 49
59 83
3 98
38 71
31 55
95 57
82 30
11 30
117 5
71 50
22 85
65 75
1 43
11 90
61 78
81 34
2 23
18 10
48 80
152 37
192 17
155 41
35 24
173 72
88 23
67 43
117 5
150 67
40 4
108 42
123 49
194 59
161 45
159 97
179 24
14 5
189 80
146 97
19 81
150 89
176 45
8 58
21 15
94 5
30 58
158 27
139 92
76 79
155 55
29 15
76 70
19 62
35 13
127 18
18 66
137 35
50 48
81 57
191 10
168 23
83 18
44 78
144 37
151 14
148 80
106 26
167 29
79 85
26 77
32 88
81 60
167 60
118 25
5 82
165 15
1 12
154 84
152 26
105 1
50 75
15 16
93 79
134 45
192 53
183 59
108 98
140 47
43 79
73 82
35 39
177 54
51 3
10 11
191 87
184 82
140 78
29 14
9 89
134 50
