1000
64.47 26.03
95.04 27.38
0.59 1.3
49 6.36
47 40.65
87.84 50.18
84.26 45.76
80.48 29.86
8.44 60.38
84.88 4.13
75.33 51.08
35.79 31.17
76.31 65.15
56.92 11.37
59.52 97.39
77.96 21.91
52.29 23.58
77.31 18.73
89.48 75.08
97.06 71.15
40.46 18.72
40.24 10.83
51.65 5.62
69.31 32.82
52.82 36.23
60.57 13.31
82.59 37.26
10.16 20.25
25.71 89
80.27 4.78
7.06 30.75
4.54 4.73
90.22 4.22
22.44 35.91
91.62 64.64
80.3 82.69
98.3 23.66
1.11 0.13
53.91 36.9
81.98 0.88
8.96 51.21
35.8 23.87
81.21 35.11
26.15 50.04
17.76 90.5
70.86 53.1
4.7 75.4
23.17 27.4
31.15 85.01
99.63 91.63
78.43 99.2
93.06 95.31
5.54 99.24
65.75 97.19
90.95 55.67
79.87 76.51
14.38 13.1
69.21 7.89
64.56 29.51
21.77 60.79
58.3 50.99
77.24 58.68
10.44 11.58
19.69 37.53
14.19 19.77
18.55 17.34
9.85 8.59
17 35.17
44.21 81.39
97.58 16.82
78.85 34
67.04 12.43
20.5 77.17
87.59 83.86
3.75 78.31
77.74 30.65
5.5 44
16.14 70.22
15.4 20.18
61.06 37.59
75.42 26.84
78.5 46.23
23.55 34.01
48.85 77.06
37.88 25.85
21.97 13.97
83.78 89.27
7.26 16.25
20.38 7.81
96.64 16.66
3.03 95.33
6.77 92.67
3.75 52.18
10.84 27.49
16.15 65.74
63.19 95.67
20.2 99.73
91.54 2.55
45.7 89.61
0.37 22.98
62.49 52.88
32.44 23.93
88.04 50.19
79.33 88.85
31.69 89.28
25.54 0.6
82.78 22.74
36.63 45.48
22.09 5.68
80.46 99.68
70.04 85.79
40.09 90.09
78.54 13.4
4 12.3
24.85 17.89
87.64 85.18
52.5 47.18
29.07 66.77
68.7 18.44
49.41 85.98
13.72 70.29
54.7 93.37
30.46 58.71
10.13 70.29
71.17 71.45
23 2.39
39.87 1.54
10.09 54.04
94.36 62.65
85.72 75.55
53.4 72.68
52.5 86.14
94.74 13.33
80.09 53.62
46.61 7.06
98.69 1.33
22.7 19.4
71.07 54.41
49.67 2.02
57.41 58.54
86.26 91.67
87.65 69.96
93.89 7.13
89.57 14
53.16 89.8
2.37 38.79
18.47 25.42
41.1 13.93
17.58 20.36
60.32 97.36
20.43 2.05
68.07 83.46
84.15 14.29
2.11 44.9
77.11 7.49
95.99 11.9
16.56 62.25
19.46 66.13
5.77 35.78
99.25 51.35
92.8 18.61
53.89 94.89
23.35 58.91
42.33 11.52
18.72 29.47
95.74 57.26
38.87 45.41
13.45 46.52
65.19 35.52
9.48 44.79
27.28 85.91
58.45 14.62
80.56 81.98
25.39 45.7
65.35 65.96
2.59 57.66
92.71 20.36
36.02 83.14
21.39 11.96
4.75 32.11
92.79 66.33
35.88 39.01
94.5 7.46
5.8 87.23
29.91 72.77
50.71 52.7
47.78 21.03
37.02 16.53
21.37 31.12
97.52 65.24
57.2 32.14
78.05 62.48
73.93 58.49
23.41 72.25
82.12 68.63
19.64 39.13
76.04 48.8
53.77 94.68
2.26 86.84
3.44 40.25
11.66 52.52
89.88 96.72
19.31 52.63
66.65 22.36
23.71 92.78
17.53 0.02
82.03 24.82
36.12 50.19
54.47 33.24
58.86 21.99
97.45 52.05
10.28 61.62
1.66 14.55
29.03 5.8
93.29 38.2
24.36 22.75
13.09 4.14
59.23 51.32
28.05 31.82
41.99 2.42
41.58 3.84
7.57 82.46
18.32 35.11
85.36 70.79
49.28 37.01
19.41 38.51
20.1 2.94
98.02 55.83
72.13 38.06
37.08 17.24
21.11 16.8
56.98 89.87
6.11 66.09
97.56 9.71
93.27 27.32
0.4 9.6
98.27 4.06
24.05 52.93
77.67 10.13
10.97 56.85
87.25 9.73
5.61 57.43
63.59 28.75
80.88 43.6
31.53 13.65
4.57 75.65
0.02 61.62
21.68 23.93
59.6 41.34
67.18 39.16
67.38 19.21
11.23 51.65
14.01 42.33
46.9 36.65
77.13 25.32
23.91 51.17
21.88 0.42
13.87 33.04
19.21 54.5
54.92 1.64
48.59 72.45
64.7 29.43
32.84 12.24
81.59 28.21
28.68 80.38
53.94 8.72
80.53 60.53
14.26 57.3
22.97 59.67
24.17 77.54
94.53 12.12
84.09 34.46
48.31 77.98
2.51 93.76
83.67 16.61
48.23 27.64
78.26 65.4
18.83 45.69
17.09 8.92
31.83 60.86
76.16 98.15
77.92 6.14
51.36 43.36
8.91 54.79
11.61 89.29
93.57 38.24
13.16 2.61
77.21 42.33
30.94 3.43
42.65 86.71
14.49 52.1
3.92 63.44
55.51 63.31
74.88 37.95
94.11 30.92
37.92 62.6
23.39 46.43
72 93.27
76.27 77.38
54.31 37.95
8.03 84.23
77.89 10.81
94.05 57.19
20.93 75.97
58.79 74.63
39.65 60.76
74.64 26.35
7.85 99.5
1.52 46.1
36.6 93.83
27.68 75.14
52.73 39.76
16.37 52.16
58.66 78.35
84.79 55.95
79.98 10.87
26.55 34.34
89.52 6.08
59.04 19.94
47.98 19.15
7.16 36.92
22.39 11.2
87.86 33.03
50.16 81.21
62.15 13.54
86.65 47.3
70.04 22.13
61.15 81.22
42.7 23.76
73.17 16.01
11.87 28.43
47.44 15.54
16.83 49.28
9.03 8.91
90.77 35.58
6.11 38.18
75.97 0.16
43.26 7.39
0.34 49.5
91.42 64.15
24.84 85.21
31.17 34.15
78.85 8.44
90.78 86.09
86.95 17.14
12.74 90.34
25.59 44.83
60.93 93.49
59.45 75.55
95.86 22.91
21.97 4.84
75.1 64.99
34.4 10.98
33.55 37.4
2.05 53.75
79.55 14.17
46.29 89.85
82.89 8.84
17.25 98.97
11.94 36.06
30.64 80.38
42.73 48.77
27.16 11.13
84.36 7.19
59.61 7.13
5.29 8.79
73.83 1.38
5.09 86.38
20.95 63.54
75.74 91.07
5.41 52.12
22.15 35.02
80.2 3.69
22.68 99.93
9.15 59.23
71.59 78.4
41.51 98.35
35.06 68.19
50.89 61.66
24.38 1.69
19.45 47.16
99.16 35.27
89.95 82.58
33.61 54.74
43.37 16.48
75.83 4.65
11.29 6.92
69.54 57.67
49.53 39.76
10.32 10.07
28.56 10.74
42.45 42.96
67.34 3.47
29.81 44.19
8.87 59.07
74.99 4.59
55.07 73.95
90.5 11.25
57.78 89.46
30.18 5.03
78.71 92.92
91.02 60.78
26.02 81.11
31.71 34.03
18.82 30.96
84.43 32.94
37.95 3.34
29.23 42.13
42.12 9.57
1.3 74.14
46.28 94.3
62.19 53.72
34.87 74.93
60.52 25.91
14.83 80.68
7.04 54.79
73.28 35.82
2.02 16.17
5.99 93.65
33.71 43.23
49.61 2.32
79.5 19.33
5.24 15.19
24.02 53.92
96.82 61.05
19.68 74.12
96.82 14.33
82.37 24.84
13.47 29.72
24.66 80.93
4.06 53.9
19.15 59.44
42.68 24.94
23.8 1.63
79.12 91.83
15.62 2.3
0.37 15.68
8.89 11.08
3.79 8.14
33.94 11.21
59.34 56.07
78.64 34.28
88.88 66.75
91.63 76.29
42.49 65.43
21.88 13.68
56.92 79.78
25.78 84.66
99.47 59.88
84.12 38.99
40.37 78.91
77.2 38.53
15.83 80.39
9.48 51.81
67.77 16.97
81.15 84.79
99.23 40.32
6.1 18.86
22.39 55.16
61.07 4.28
98.16 18.3
86.98 18.63
54.92 84.95
56.62 78.7
25.5 32.4
0.34 7.22
28.55 58.82
5.57 17.12
93.02 14.95
97.02 3.81
81.41 4.81
47.48 28.03
55.26 23.94
98.14 10.84
64.3 66.83
76.86 15.32
70.65 16.73
61.31 9
95.74 24.37
1.03 55.39
16.52 71.06
30.3 76.32
4.85 19.16
85.92 2.78
98.26 85.36
10.81 31.19
17.43 46.14
57.51 59.88
90.89 36.94
29.71 22.59
53.09 6.66
57.16 70.75
19.38 64.32
9.76 16.68
71.78 9
63.41 11.14
92.93 51.95
10.71 90.36
18.95 20.5
52.43 36.55
11.79 22.08
41.31 16.73
54 88.41
67.78 54.19
55.79 46.13
26.99 29.9
49.65 18.56
90.53 69.85
28.46 18.43
48.42 3.05
19.29 22.75
7.84 97.23
44.42 15.61
57.19 67.5
25.98 79.38
37.32 31.33
38.5 20.08
2.53 17.31
74.71 7.36
77.58 22.71
51.96 10.45
11.96 37.95
47.96 47.09
25.2 77.51
23.54 39.3
44.54 48.19
96.9 88.6
41.11 30.53
57.62 11.74
81.16 44.64
58.81 68.38
32.52 65.58
52.54 94.16
42.71 63.9
96.28 34.77
1.23 59.77
23.01 8.72
13.19 26.02
2.85 65.13
96.79 85.81
44.24 68.62
16.63 6.26
51.74 74.79
57.39 65.85
5.41 92.88
0.63 15.75
66.48 60.68
44.98 28.02
69.68 23.6
22.88 6.18
68.56 58.38
85.05 97.61
26.45 56.52
10.44 64.44
74.53 73.88
28.24 24.74
37.83 95.57
79 5.48
64.04 5.54
38.2 85.18
13 20.73
1.75 82.86
48.12 13.18
96.72 17.62
74.94 79.85
66.02 50.94
19.14 38.93
45.75 78.7
27.48 89.31
6.98 52.97
28.7 2.87
12.92 89.91
82.47 73.84
80.2 65.16
36.44 33.42
52.42 36.13
47.18 76.79
77.26 60.42
35.96 83.39
14.04 15.89
78.02 71.13
90.91 12.99
36.42 48.49
32.06 28.08
22.19 6.99
1.95 82.4
64.15 37.6
76.18 76.43
8.65 49.28
36.96 61.68
15.42 94.67
83.97 4.21
44.03 7.08
43.38 26.3
67.68 57.15
49.03 42.28
2.52 80.9
39.88 19.6
69.61 4.42
35.43 81.05
58.97 29.34
56.37 45.29
85.12 19.6
58.44 72.71
16.12 32.19
44.88 34.81
25.23 98.5
4.12 74.47
8.92 22.07
95.24 32.4
69.45 48.61
30.41 26.47
68.98 1.7
61.81 61.42
90.3 63.12
34.63 38.46
27.82 12.91
71.77 80.62
84.34 63.36
59.76 49.7
18.56 80.43
78.44 81.42
40.18 10.09
71.53 52.91
44.16 79.76
23.8 32.4
17.49 55.63
12.66 53.01
67.26 73.63
29.1 3.16
58.57 26.26
95.85 28.42
15.7 34.1
56.23 29.09
76.92 67.02
50.63 88.61
9.66 33.27
7.96 89.43
50.75 50.65
87.54 0.4
21.35 47.27
26.58 71.03
21.19 49
99.22 99.75
84.16 18.19
37.66 83.63
39.94 79.22
72.6 44.59
23.5 6.11
13.67 22.46
66.46 57.07
33.53 80.88
13.97 5.18
82.63 20.86
52.87 42.03
85.52 15.75
26.01 11.55
69.26 22.45
78.36 83.2
19.28 27.08
20.38 59.8
62.31 88.03
33.06 8
33.43 63.21
32.09 17.34
82.24 66.58
62.01 32.96
25.98 55.86
36.05 75.14
47.5 84.08
20.21 62.05
13.87 52.63
95.99 7.1
24.07 7.21
9.26 85.67
6.37 22.61
1.3 31.97
73.67 3.31
69.68 82.26
61.95 98.45
80.92 9.95
68.28 69.04
78.04 33.16
88.22 70.11
22.07 31.22
81.85 61.6
87.25 16.89
91.38 58.01
83.04 22.16
14.46 9.24
22.6 22.9
64.41 22.57
93.87 88.06
76.63 35.16
59.33 44.65
73.76 47.03
61.74 28.98
29.29 83.86
17.51 69.1
12.48 1.17
87.45 64.38
5.44 37.64
93.92 41.02
13.51 6.04
35.89 20.15
87.4 24.94
60.22 51.27
29.32 90.41
62.02 45.91
44.22 35.65
44.63 93.81
27.18 15.9
52.55 28.59
29.36 83.73
78.11 80.56
6.06 26.05
16.94 47.02
27.63 87.48
13.25 24.92
73.76 36.49
72.53 1.32
13.34 14.05
14.05 21.59
7.42 72.13
38.94 15.52
0.7 30.95
29.05 12.06
95.57 22.26
11.35 10.46
0.72 43.15
29.03 35.61
18.94 42.78
36.83 26.74
15.21 60.49
51.4 32.02
69.98 71.67
7.92 41.11
97.03 10.44
36.8 74.58
9.34 7
71.75 71.37
4.53 48.97
21.44 27.01
11.96 48.93
82.39 13.08
9.87 55.32
34.19 86.01
5.44 48.86
25.78 32.58
79.95 7.79
92.29 64.82
98.09 44.15
43.26 96.41
55.98 94.33
42 90.01
16.13 61.51
87.57 7.78
27.01 36.36
8.46 5.28
52.12 78.2
34.54 94.75
63.75 42.87
73.67 84.16
17.98 7.41
48.66 96.46
18.74 99.21
80.65 43.39
86 24.41
59.76 16.24
69.62 47.73
20.91 20.58
96.2 67.73
72.09 11.23
1.32 58.48
37.54 31.13
96.13 85.7
50.6 22.92
31.26 19.49
77.64 10.78
13.27 19.48
95 4.06
90.35 51
38.95 26.85
49.01 10.12
52.53 24.85
40.92 99.03
70.27 2.71
77.6 40.31
35.62 5
56.5 37.8
16.92 27.82
22.15 57.25
38.02 40.24
21.74 72.94
37.05 2.59
46.1 13.31
23.58 71.62
21.77 8.83
5.84 47.28
72.78 47.61
85.97 0.25
68.68 95.35
75.28 45.74
3.48 4.12
13.13 4.53
72.81 87.84
77.25 19.29
68.02 5.89
73.51 26.13
78.8 65.05
48.31 24.63
75.6 38.09
7.14 69.15
46.51 81.75
14.67 92.76
19.64 55.03
93.77 23.31
30.58 85.59
71.2 15.05
59.67 21.97
98.12 45.11
53.99 68.54
65.31 2.4
58.93 93.31
75.39 52.21
41.87 31.74
68.61 42.58
3.61 14.86
98.4 14.15
93.92 35.92
42.64 52.02
5.35 43.83
34.24 11.7
83.17 65.01
54.13 87.35
36.32 39.22
64.13 26.48
10.38 69.23
5.69 85.41
7.46 25.35
58.95 82.23
1.61 27.67
32.91 5.8
19.33 13.32
8.62 16.31
72.25 0.85
89.35 97.44
66.95 8
79.62 47.6
78.87 2.97
25.58 29.28
21.68 11.46
70.92 40.58
48.12 70.34
28.36 77.19
68.87 56.48
81.06 72.11
27.52 9.21
9.29 91.98
99.31 2.65
73.74 22.12
13.26 63.18
42.89 2.07
94.91 51.79
99.12 5.32
48.94 87.56
47.88 74.19
8.31 76.85
2.87 43.79
24.58 26.32
51.82 42.62
30.45 68.39
23.24 14.56
84.97 23.82
71.28 51.74
62.85 45.33
26.64 25.57
27.59 72.93
69.09 94.96
84.04 62
3.52 6.7
48.19 8.62
33.42 0.74
31.49 39.17
86 84.69
3.67 21.12
44.62 74.9
22.19 8.35
80.94 77.52
18.2 76.06
80.87 74.77
33.53 31.05
14.1 29.77
49.4 9.51
94.59 5.77
71.86 91.02
28.29 27.33
82.61 74.7
10.76 98.92
69.21 12.39
43.27 3.99
89.81 74.32
8.45 67.87
89.15 78.53
46.54 82.66
50.33 61.53
22.46 68.36
60.72 42.76
7.58 13.06
64.04 98.79
51.48 47.88
27.89 46.14
22.76 73.39
37.1 23.8
3.18 31.69
76.13 37.74
94.58 6.88
21.62 90.32
5.78 71.37
8.35 19.01
81.75 82.22
72.63 22.22
68.94 78.82
42.74 18.32
20.11 62.87
8.08 85.3
49.59 7.59
19.73 0.23
88.63 4.79
20.05 84.98
5.49 90.33
32.63 77.35
18.43 46.1
33.59 9.22
4.53 18.92
99.56 52.42
45.18 82.2
82.95 57.25
26.3 97.74
3.66 78.1
61.7 86.47
41.6 43.07
14.92 10.28
91.62 81.06
13.81 12.01
63.37 61.33
7.2 77.49
23.44 20.61
28.65 55.8
66.76 55.87
5.74 89.32
69.9 94.68
37.09 63.8
30.34 1.43
78.3 28.1
27.26 63.48
56.26 27.96
31.24 9.44
23.56 71.22
13.55 54.3
83.19 11.62
5.55 30.08
86.32 13.39
3.68 67.1
69.97 73.02
58.01 18.54
60.54 45.05
13.85 61.24
54.67 45.02
59.65 19
41.83 73.49
1.6 87.66
52.35 6.61
11.8 6.57
84.7 44.72
32.17 95.88
78.59 95.36
25.55 14.81
26.28 85
32.79 82.02
11.74 88.56
95.41 59.52
8.52 4.6
68.61 33.14
9.04 63.71
94.67 20.59
66.88 65.82
68.21 84.79
67.82 78.5
24.63 92.31
12.98 85.76
92.2 91.95
23.47 47.16
91.92 40.88
43.64 24.56
68.28 13.15
20.28 96.1
18.26 70.6
50.08 87.07
75.69 29.33
