2000
2574.6 2912.7
1348.8 2621.1
1674.9 692.4
2648.1 2853
2952 277.5
107.1 317.1
1138.5 729.9
1649.4 1310.7
2679.3 2253.3
1839.3 2206.5
650.7 1298.7
1693.2 943.2
746.4 2999.4
1524.9 1668.9
155.4 1498.8
1300.2 2257.8
1986 800.1
999.3 2302.8
2976 2806.2
748.2 766.2
2616.3 80.4
736.5 1464.6
2583 1875.3
691.8 693.6
944.1 1819.5
1095.3 2165.1
709.2 396.6
1886.7 2085.6
1196.1 873
1543.8 538.5
1420.8 2202.3
1418.1 822.3
2680.5 1506
720.6 64.2
352.2 1074.9
563.1 336
2752.8 2.1
2267.1 1812.9
1404.3 801
1814.1 929.7
248.1 1824.3
2856.6 2109.6
1927.2 1794.6
2351.1 1444.5
583.5 680.7
2652.6 102.9
894.6 2098.5
32.1 35.4
326.1 1143.9
2948.1 375.9
526.2 958.5
1831.5 974.7
244.2 174.3
2930.7 1786.8
2937.6 1128.6
2100.9 1868.4
2485.2 2874.6
607.2 1894.2
49.8 224.1
1822.2 102.3
1440.3 793.2
706.5 2423.7
2510.4 1165.8
816.3 2179.2
1380.9 2136
705.6 135.3
2756.7 1647.9
115.5 774.6
2763.3 1036.5
867 2084.7
1223.7 1041
2308.2 1716.3
2339.4 715.5
2740.2 1136.7
1679.4 2658
28.5 499.8
1580.7 2057.7
1300.2 327.3
1907.4 1283.4
269.4 46.5
2415.9 1719.9
585.9 1173
1837.2 217.8
2310.3 16.2
2603.7 1995.6
633.6 170.1
330.6 2604.6
2845.8 1191.6
115.2 1229.1
387.3 51.3
2632.8 1950.9
2862 2418.6
2777.7 2949.9
615 2744.4
1430.1 2213.4
2713.2 2280
960.9 761.7
1938 424.8
1759.8 1134.3
474.6 1490.4
2849.1 2444.7
1527.6 100.8
2540.4 1617.6
457.5 1861.2
1230 775.2
98.1 1615.8
1923.6 11.1
2208.6 1829.1
2086.8 2762.1
2402.1 2030.4
2790.3 449.4
1142.7 2540.7
167.1 113.7
512.1 2250.9
1729.8 425.7
2151.3 2008.2
526.5 1575
1093.5 1869.9
2163 2099.1
2710.2 141.6
2229.6 2019.3
1500.9 82.8
101.1 647.1
2116.8 212.1
2183.7 1093.2
1830.6 2815.5
1065 2368.5
206.7 2170.5
1467.9 1256.7
136.2 2286.3
1149.3 172.5
555.6 890.1
1791.3 1884.6
1954.5 1404.9
2383.2 2953.2
1504.2 2299.8
1772.7 1935.6
1131.9 960
1420.8 2550.9
290.1 2898.3
196.2 1680.3
2977.8 1323.9
2376.9 2078.7
2547.3 2021.4
2086.2 487.2
394.5 1421.1
957 847.8
1896.6 2645.7
1251 1518.3
642.9 1227.6
2752.2 1152.9
2563.2 1281.9
308.1 804.9
1437.6 1859.1
1843.8 2807.1
272.7 2406.3
1041.3 2567.1
830.1 376.2
1045.2 2740.5
1139.7 1304.1
526.5 1239.6
1102.8 1649.7
627.3 1316.4
36.9 1464.6
1624.8 589.5
108 625.8
526.8 2215.8
2774.4 2053.5
75 1384.5
1449.9 2327.1
526.8 2060.4
925.2 596.7
1918.5 1274.7
1961.4 65.4
1094.4 737.1
1952.7 2569.2
2253.9 2086.2
1663.2 900.9
340.2 495.6
2343 46.5
1930.8 26.1
2699.4 2160
499.5 1560.6
2188.2 90.6
1085.1 2400.3
1771.8 335.7
2503.5 1840.5
440.4 2348.1
987 2461.5
345 2741.7
2916.3 1183.5
779.4 2387.7
2014.8 2415
2217.6 698.7
981.3 34.2
834 2450.7
1130.1 2217
523.8 1646.7
2999.7 658.5
1848.9 2058
1819.8 1224.3
2083.8 130.5
172.8 406.8
173.7 2220.3
1518 1262.4
1541.7 2028
776.7 1907.1
914.7 348.6
176.4 1412.1
324.9 1501.5
632.7 1634.4
1032.9 1075.5
2143.8 2704.8
1426.5 2007.3
891.6 202.8
1624.2 2130.9
2871.3 196.2
1654.2 1382.7
1639.2 2072.1
2475.3 2960.7
2573.1 2950.2
682.2 312.3
2478.3 2636.7
2308.2 1552.5
556.8 741
283.5 1362.9
252.3 219.6
1285.8 339.6
173.7 2000.7
331.5 2927.1
576.3 2279.1
715.2 503.7
1453.5 302.4
2980.8 2697.9
2374.2 541.5
858 1658.7
2004 275.1
1483.8 1407.9
1020.3 984.6
2072.7 779.1
595.8 1541.4
1639.8 1610.1
994.5 1105.8
932.7 341.4
1212.9 1753.8
1071.6 856.5
2329.8 535.2
2316 2881.2
1231.2 667.2
489.3 1616.4
724.2 742.2
488.4 591.6
605.7 2123.4
2403.3 402.6
446.4 1124.4
484.5 166.5
1692 91.2
849.3 2826.3
888.9 1170.9
2477.1 368.1
535.5 2259.3
1897.5 180.3
1455 670.2
784.2 2157.3
2489.7 721.8
3.6 2272.8
402 2162.7
1206.3 1547.4
1471.2 1029.6
145.5 1978.5
2828.4 451.8
982.8 24.9
1356.9 2805.6
1614.9 2868.3
2501.1 1175.4
2585.1 48
376.5 1949.7
968.1 2048.1
1300.2 2437.8
471 2735.4
475.2 2373.9
936.3 906.6
1486.5 1344.9
2505 1163.4
1636.5 1325.1
1154.7 752.7
281.7 754.8
2830.2 1191.6
552.9 1915.5
1548.6 188.4
932.4 1611.6
2747.4 2027.7
1251.3 2565
2351.7 1374.3
2410.5 660.6
721.5 2208.9
2375.1 2669.4
2099.1 352.5
932.7 2222.1
1872 1266.6
2928.6 2157.9
292.2 936.6
2289 874.5
284.1 505.8
1202.1 620.1
2510.7 2002.8
2651.4 24.3
1617 804.6
297 153
194.4 1838.1
2205.3 1705.8
2704.2 2341.2
2168.1 1961.1
1060.8 209.1
230.4 1120.2
2127 1023.9
2133.6 1644.3
1328.7 507.3
1868.7 213.3
1103.4 2165.1
509.1 256.5
269.7 2463
1170.3 2180.4
180.9 724.5
1101.6 2236.8
229.8 883.5
1301.4 2672.1
1429.5 2424.9
792.6 78.3
2960.1 2010.3
236.7 417.6
253.2 2621.7
2810.4 377.1
1942.8 2884.8
2575.2 396
1532.4 2216.7
2637.3 2977.5
2503.2 2315.7
859.8 2409
2910.3 1814.4
43.5 2478.9
252.3 58.8
2361 2880.3
53.7 1261.8
2959.8 1818.6
522.3 1054.8
1683.6 1393.2
2718.6 96.3
1817.7 86.4
2401.5 405.9
2668.2 608.4
2316.9 2218.2
2693.4 903.6
2306.7 2580.6
1304.4 261
2947.8 2780.1
782.4 847.5
322.2 676.2
2242.2 42.9
2404.5 165.3
679.8 795.9
1703.4 575.1
330.3 1870.2
1663.5 332.7
1956.3 318.6
2371.2 2850.9
1944.3 921
2197.8 1577.1
2743.8 1463.1
2514.3 533.4
116.7 2679.9
1261.2 1517.4
1108.5 618.6
2390.4 305.1
2339.1 1756.2
2133.9 2636.7
2244.9 1591.8
386.1 568.5
1319.7 1572.9
882 727.2
156.6 2079.9
1935.3 1764
1734.9 1964.4
907.8 2719.2
1475.7 2560.8
378 2724.3
2122.5 831
1471.8 601.2
414 1545.3
334.5 1126.5
921.6 1686.3
2887.5 196.5
2228.7 94.8
191.7 1628.4
483.3 278.1
2671.2 1695
630.3 2530.5
256.8 2946.6
569.1 2762.1
5.1 751.2
1857.6 238.8
2058.9 1297.8
2006.4 102.6
1043.1 2117.1
1730.4 687.6
771.6 1578.6
2456.1 1213.5
813.6 1367.7
1334.4 670.8
2481 2451.3
1697.1 2154.3
812.1 670.8
2041.2 1629.6
1576.5 1811.7
359.7 220.2
1719 629.4
1818.9 2016.3
2456.7 163.5
2496.6 2105.1
922.8 509.1
2861.4 73.2
1227 1202.4
1453.5 109.8
1545 2370
2377.2 2822.7
2202 2329.2
1373.1 2423.4
1758.9 2768.4
1842.3 1813.5
1873.8 2029.5
2707.2 1315.5
594.3 2158.8
2230.2 1550.4
2889 2995.5
2688.3 1349.4
2222.1 392.4
402 376.8
2643.9 135.3
283.2 1708.5
1046.7 2764.2
962.7 1700.4
1872.6 2488.5
1289.7 1207.8
450 613.2
938.7 2825.1
546.9 2373.3
1427.4 1399.8
848.1 1656
262.2 974.7
751.8 2572.8
2382.9 60.6
215.4 910.2
1736.4 410.1
705 448.2
2527.8 396
2278.5 2130.3
2147.4 1251.6
597.3 920.4
100.2 343.2
2325.6 1848.6
2856 1715.4
2071.8 42
362.1 2063.7
351.3 2794.8
1197 2729.7
2350.2 1268.7
1577.4 1855.2
2340.6 2376.9
531.6 631.8
1340.4 976.8
2137.2 120.6
1532.1 389.1
1609.2 240.6
1220.4 550.5
1825.2 2227.2
2651.1 2138.4
401.1 1841.1
1832.7 1509
2398.8 1442.4
2307.9 591
1768.8 1394.1
236.7 1221.9
2314.8 1911.9
2859 2126.1
2074.2 1298.4
558.9 2492.1
1427.4 2713.5
753.9 159.3
1476.9 229.8
494.4 1899.6
20.1 1649.7
2854.2 2655.9
1511.4 37.2
1123.8 1842
791.1 402.6
1915.8 2078.7
2670.6 22.8
2703.6 504.6
833.7 1461.6
2195.7 2680.2
2272.2 483
278.1 2529
420 2076
2053.8 890.7
500.1 2766.9
1589.7 1422.9
1777.2 1622.7
2356.8 763.2
1235.1 1106.1
2486.4 1043.4
2328.3 1202.4
1365.6 141.6
2878.2 1978.5
1290.6 2124.3
79.2 1467
938.1 1732.8
2655 2056.8
1494.3 2217.9
2842.2 1484.4
43.5 392.4
2218.8 1029
1585.5 1340.4
2894.1 1380.3
743.4 994.5
242.1 326.7
710.4 541.2
1167 153.6
12.6 1344.3
156.6 1930.8
785.7 683.4
701.4 1603.8
668.7 1336.2
2202.3 1706.7
451.2 793.2
617.7 2284.8
2650.5 322.8
2454.3 1839
2639.7 2806.8
704.1 1549.2
1592.4 241.5
1822.8 1455.3
324 2037
2507.4 1788.9
2034.3 1100.1
2553 2517
716.1 2549.4
2717.7 1279.8
1792.2 882.6
2514.6 88.2
132.3 254.1
2715.6 2876.7
2643 190.2
479.7 327.6
818.4 740.7
77.4 1147.5
2645.7 2245.8
2888.4 1215.9
1104.9 1827.6
2747.4 1373.7
1942.5 1672.2
1905.6 360.3
1026.9 1023.3
849.9 2954.1
1047.6 1123.8
2644.2 333
107.7 195
1131.9 1712.1
105.6 673.2
1697.4 932.1
1605.6 2656.8
79.8 585.9
468.6 2089.8
801 148.2
2737.8 1144.5
2820.6 225.6
1241.7 173.4
333.3 882.6
232.2 341.4
2017.5 2818.5
1336.2 151.2
433.5 2880.6
687 2145
1907.4 2973.9
1794.3 2149.2
2452.2 2397.6
2224.8 1343.4
162 1157.7
789.9 2214.3
713.7 1590.6
156.9 983.1
535.8 1884.6
1600.2 1396.5
915 812.7
2433.6 165.6
184.5 117
1383.6 2076.6
1836.9 307.5
2919 2736.3
1449.3 1898.1
2118.9 165.6
879.3 1606.5
1977.3 843.9
1632 888
501.6 231.3
60.9 2358.9
204.3 765.3
2898.3 2282.1
1339.8 1153.5
2011.8 695.1
1302.6 430.5
1511.7 976.5
78.6 690.6
107.7 2667.6
1440 858
1530.9 1113.3
823.2 629.4
734.4 87.3
1412.7 2476.5
503.1 854.4
2659.2 280.8
1897.8 1744.2
1970.4 1525.5
1789.5 912.6
286.2 766.8
774.9 1703.7
2097.3 836.7
34.8 594.9
303.9 973.8
1272.6 1491
2794.5 1672.8
801.3 2469
1643.7 2448.3
2394.6 506.4
159.3 2153.7
1664.7 1865.4
141.6 13.5
2900.4 2346.6
1454.7 554.4
456 1152.3
2256.9 747.9
2467.2 2828.1
2645.7 339.9
1156.8 222.6
2105.1 77.1
2487.9 107.1
1436.1 2768.1
2445.3 2378.1
311.1 397.5
688.2 668.4
1584 1552.8
1201.8 443.7
991.2 420
2365.5 2732.4
564.9 1737
681.3 939.9
894.9 1948.2
1312.5 2025.6
363.3 339.3
1985.1 1992.9
520.8 1679.7
1359.9 2659.8
2066.7 1175.7
14.1 304.8
2549.1 1084.2
723.9 22.8
471.6 1286.4
1905.9 1842.6
74.7 2189.4
40.8 116.1
796.2 1572.3
1123.8 2605.5
2005.5 578.4
154.2 1069.8
1064.7 659.4
2824.8 109.8
584.4 1632
608.7 262.5
296.4 843
594.9 105.9
2244.9 473.7
911.4 2158.5
516 1731
1273.8 1538.4
2760.6 2012.4
1295.4 1848.3
44.1 475.2
1468.8 2532.3
1727.1 1359.6
118.2 2363.4
1153.2 1399.2
25.5 321.6
661.2 142.8
2252.4 2844
1153.2 1331.4
2980.2 200.1
2449.2 2212.2
2601.6 2800.5
2319 28.2
829.5 229.2
411.3 106.8
2118.9 1926.6
1790.7 473.4
447.3 665.7
1852.8 861.6
1120.5 124.8
769.5 1912.8
1302.9 2107.5
1771.5 761.7
2251.5 2961.6
65.4 627
669 719.4
1205.4 964.5
766.2 1490.4
901.5 423.6
2480.7 5.7
2874.3 862.8
2782.5 147.3
1257.6 681.9
2155.5 2172.3
507.9 1165.8
1358.7 1709.7
2643 489
1740 338.4
437.4 1057.5
1357.5 819.6
1047.9 1650.6
1525.5 1526.7
1382.4 735.6
1167.9 1398.9
191.4 418.8
163.2 1350.3
1838.1 1858.2
687 1783.2
914.7 488.4
2396.1 2441.7
642 1880.7
820.8 2781.6
2902.2 1690.2
124.2 1108.2
1005.3 1618.2
2112 1268.4
1194.3 1917.9
2950.8 46.8
1349.7 889.8
1020.3 512.4
1026.9 789
1347.6 967.5
645.9 2352
2175.3 922.8
2309.4 1215.3
168.3 1255.8
707.4 1616.4
2115.3 1480.2
1093.8 335.1
1119 1563
645.6 2542.2
168.6 786.9
1337.4 49.5
881.7 1418.7
2132.7 1962.3
157.8 124.2
323.7 2074.2
2211 1614.9
634.8 1621.5
381.3 2114.4
899.4 441
346.2 2787.9
2640.6 2511.9
132.9 83.4
1842 515.1
584.4 2411.1
201 947.1
310.5 2670.3
558.3 1260.3
129.9 1511.1
1088.7 2016.3
2696.4 2665.5
1415.4 2409.9
465.9 2781.9
304.5 1454.7
2229 891.3
219 2017.5
340.8 1434.6
50.4 1046.1
2724 2006.4
681 408.9
2746.5 2752.5
998.4 2461.2
2093.4 1521.3
15.9 699.9
534.9 1416.9
399.3 2456.1
881.4 1875.3
205.5 1865.1
531.3 178.8
487.8 1489.2
924 2925
2052 561.6
1267.5 643.8
2030.4 547.8
1851 2480.1
1222.8 1977.3
1046.7 909.3
697.8 2900.7
1373.1 740.7
2948.1 2282.7
150.6 2280.3
748.8 1704.3
1901.1 798.3
1184.1 2444.1
191.4 740.1
1672.2 1381.5
1292.7 24.3
2090.1 285.3
2269.8 1935.3
2007.3 534.6
2436.3 2534.1
2326.8 437.4
2782.8 1256.7
122.7 593.4
1285.8 714.6
2670.6 2857.8
1057.2 1146.9
305.7 695.1
1903.5 2788.2
1411.5 746.4
937.2 1621.2
1507.5 1638.6
1782 2304.9
1934.1 2165.4
1535.7 1202.7
2570.4 864.9
1683.6 1014.6
2762.4 600.6
1467.9 1901.7
2750.4 2885.1
1589.4 797.7
2238.6 2038.2
41.1 2776.2
2571.6 1719.9
487.8 843.6
2195.1 1305
1455.3 539.7
807.9 107.7
460.5 529.2
2772.3 621.9
1789.2 2240.4
1303.2 585.9
2418 395.1
376.8 1553.1
642 1002.6
730.5 802.8
322.8 651.3
1294.5 863.4
594.9 489
1381.2 2242.5
704.4 592.5
921.9 249.3
1647.3 1266.3
550.2 1993.8
2677.2 1597.5
2192.4 2991.9
2950.8 1234.2
612.6 2085.6
254.7 136.5
264.6 2144.7
1550.7 281.1
1697.7 1221.9
2485.8 244.5
1050.6 2815.8
1746.3 997.8
53.4 1083.9
1393.8 818.4
2226 2150.7
2442.6 2963.4
534.9 2182.8
572.4 2377.8
369.9 1054.8
156.3 2085
2238.6 110.4
1090.5 835.5
91.2 1821.6
2314.8 170.7
618.9 2038.2
2358.6 2853.3
136.2 803.7
2719.8 2068.5
2579.4 2576.7
1848.6 933.3
2481.3 498.6
2475.3 185.1
726 1070.7
76.2 2723.4
1218.6 2186.4
2397.9 1593
2084.4 917.1
1443 2058.6
939 2793.9
421.2 1346.7
2454.9 1487.4
2012.7 1399.8
89.7 2499.3
954.9 1197.6
1435.5 2902.2
1811.4 1995.3
2309.1 2394.3
1915.5 878.1
1250.7 2072.7
231.6 2286.6
901.5 695.7
543.9 1781.7
1707.9 2612.4
450.6 2017.2
2137.8 2376
2554.2 1026.9
330 2994.3
970.5 605.1
697.8 849.6
918 595.8
1769.4 2091.6
646.5 200.7
1409.4 2195.4
809.1 1041.3
1060.5 2623.5
2701.2 1026.6
1489.8 1318.5
1167.9 2557.2
1168.8 321.3
2872.2 2230.5
757.8 646.8
2442.6 821.7
361.2 1833.3
36 1666.5
316.2 886.8
950.4 543.6
213.9 195.3
2508 222
221.7 1363.5
228.9 235.8
2269.5 497.7
1108.8 548.7
302.1 2232.6
1209.6 2726.7
181.5 2341.2
1918.5 1525.2
1116.3 2111.7
1351.2 1242.6
660.6 958.8
2312.4 1428
2057.7 1087.5
2591.1 35.7
1734.6 1434.9
832.5 1039.5
941.7 1955.4
292.2 1074.9
1155.3 829.5
189 596.1
2736.6 873
1315.2 1981.2
793.5 1665.9
251.1 695.7
1440 1718.4
741.3 1514.4
1671.3 2835.6
505.8 1702.2
2435.4 522.6
1253.1 2458.5
291 729.6
676.2 601.2
2995.8 301.5
1314 734.1
989.4 2262.3
2637 1219.5
760.2 1777.8
2326.5 1402.5
2214.9 631.2
661.2 1352.1
2033.4 501.3
1950.3 2253.6
492.3 2286.9
791.7 1607.7
549 1858.5
2055.9 2759.7
344.4 169.8
717 670.8
1567.2 988.2
483.3 2441.1
2205.9 2120.7
1260.6 2776.5
2266.8 250.2
1131 2634.6
310.5 1082.1
1542.9 1073.1
1449.3 1938
1020 808.5
384.9 1815.9
287.7 2740.5
2237.7 2035.2
2145.9 1110
2502.3 2695.5
83.7 1149.9
1578.6 1536.3
1186.8 155.7
1063.2 747.6
2656.8 762
380.1 357.9
2982.3 544.2
1447.8 2392.8
2760 744
1979.7 1101.6
1020.3 71.1
113.1 1266.6
901.8 1834.5
419.1 248.4
714.3 732.3
382.5 1435.5
1865.1 78
1860.9 2740.2
686.1 2889
2152.8 2335.5
214.2 487.5
641.7 2934.3
2669.7 2880.6
2648.1 1277.4
287.1 2066.7
334.5 2659.5
1896 172.8
1095.6 1011
1162.8 1100.1
428.7 1137.9
2318.7 1581.3
919.2 198.9
92.4 971.1
2493.6 2480.7
2948.4 1706.4
2889.6 757.8
1432.2 1892.7
841.5 1746.3
349.8 1294.8
265.8 2130.3
890.1 1371.6
2131.8 384
467.1 790.5
2744.1 2592.6
50.4 54.6
171 2598.6
222 1494.3
548.4 134.7
2586.9 2482.5
972.9 251.4
968.1 2403.9
21.6 2736.6
2771.1 1903.5
338.1 156.6
392.4 319.5
2818.5 1704.3
1446.6 2635.2
68.4 2811.9
580.5 500.4
1634.1 2912.4
2996.4 2353.2
1799.1 630
2884.5 210
1868.7 2920.8
130.5 1912.5
1026.6 2463
2614.5 999.6
1951.2 843.9
1141.8 243.9
248.1 1800.6
856.2 1220.1
478.5 93
2793.9 1141.8
2580.6 1075.5
789.3 2593.2
2673 2213.4
2221.8 1298.1
543.9 2995.5
2811 10.8
1134.3 1575.9
616.8 698.4
1308.3 2138.1
2293.5 2565
583.5 1331.7
737.7 1284
1087.5 2740.2
1844.4 144.6
2919.9 409.2
2391 1482.3
1860.9 2410.2
352.2 259.8
1423.8 2926.2
1569.3 1988.4
1054.2 2224.2
1703.1 2079.6
762 1137
1729.8 2246.1
2871 2726.1
285.9 732.9
2477.4 1471.2
711 2362.2
789.6 1801.8
335.4 2802.6
641.4 615.3
1977.3 2555.1
671.7 2647.8
2232.6 405.3
1781.4 993
162.6 2171.4
1378.8 1779.3
1968 822
2500.8 2322.3
2435.1 946.8
356.1 1440
1730.1 2527.8
2864.4 2383.2
666 1633.2
196.8 2746.2
1995.3 1295.1
134.7 1184.1
2083.5 566.4
854.1 2553.3
591.3 2835
2634.9 1374
1916.7 2069.7
2984.4 549.9
1548.6 527.4
924.9 2868.3
488.4 820.2
1143.6 428.4
1809.3 27.3
1290.6 2529.3
1488.3 2219.4
1399.5 2268.9
44.7 607.8
1224.6 1777.2
691.2 1858.8
327 2657.7
125.7 1407.6
866.4 880.2
2196.6 44.1
2585.1 2867.4
2094 554.1
601.5 21.9
1436.7 2872.2
521.7 773.4
2412 871.2
1804.8 899.4
2853.9 2380.5
397.2 2829.3
2391 1625.7
2559.9 1566.6
1402.8 252.3
1257.6 255.9
1576.8 1203.6
351.9 2662.5
2819.4 2423.7
634.5 320.1
2449.8 1975.8
1599.6 880.5
1768.2 2736.9
2367 321.9
2624.4 1581
2619 653.7
228.9 1192.8
2097.6 1483.2
156.9 117.9
783.3 2743.8
102 213.6
2722.2 577.2
713.7 2696.1
470.1 569.7
561.9 1353.3
495.3 600.3
506.4 1256.7
1474.2 2729.4
1932 2034.6
124.8 2177.7
67.5 580.8
1599.9 1142.1
2361.9 530.4
1995.9 2389.2
1831.2 2244.9
39.3 2349
1803 837.6
2874.9 1786.2
1350 1749.9
1083.9 282.6
312.9 2115
1286.4 2164.5
2520.6 2253.6
112.2 2364.6
1167 2183.4
2658.6 1226.1
407.7 2345.7
1946.4 1224.9
451.5 914.4
987.6 1302.3
1099.2 2729.1
1127.1 2103.3
2461.2 2036.1
1118.1 1302.6
1496.1 2451.9
1389.3 2010
582 1298.7
1527 234
2945.7 385.2
564.3 431.7
825 1078.8
740.1 1439.1
1339.2 2405.4
1851.3 1119.9
2487.6 172.8
2554.8 1911
2691.9 176.7
2009.4 2407.8
1162.5 2687.4
593.7 1989.6
698.4 2111.7
1575.9 301.5
838.5 1800.9
154.2 1795.8
450.3 1783.5
43.8 1425.9
1877.4 2922.9
50.1 2723.1
430.5 2019.3
2670.9 47.7
1080.6 270.9
1919.1 2499
1705.5 2754.3
1641.9 2851.8
2934.6 2487.3
521.1 2136
547.8 1601.1
1166.4 65.1
1833.9 1656.3
2843.4 770.4
1559.4 1650.6
79.5 352.8
256.8 225.6
1517.4 88.5
616.5 2500.2
754.5 2925.3
2122.2 2651.4
1550.1 1624.5
2942.7 1190.7
1313.4 2535
105.3 929.4
538.5 1965
1493.4 1012.8
1506.9 549.6
2601 2715
689.1 2843.4
1182.9 2902.5
381 1746
837 2142.9
2149.5 1140.9
1707.9 553.2
2445.3 842.1
2125.8 894
2996.1 2270.4
2402.7 2928.6
1967.4 1407.6
2943.6 2984.1
192.3 634.2
2198.4 494.1
2768.1 2683.8
1471.8 1456.5
2692.8 634.8
2918.4 17.4
2803.8 141
1791.6 459.3
1031.7 1250.7
711.9 275.1
80.4 2905.8
1563.6 886.2
1713.6 354.3
1129.2 2310.9
49.2 268.5
2510.1 1098.3
1937.4 896.7
1522.8 752.4
622.2 1924.5
551.1 345.6
1935.9 190.2
2577.6 2524.8
1705.2 2600.4
2067.6 2775.9
989.1 723
2171.7 2815.2
2498.4 1074
20.7 1161.3
1238.1 1389
1194 2734.2
658.8 766.2
654.6 856.8
1307.4 1439.1
2862.6 887.7
736.2 900
2903.4 1645.2
407.7 1828.8
1339.2 856.8
2266.8 2358.9
2910 2000.4
1433.4 2626.8
675 54.6
1024.2 984.3
533.1 2221.2
352.5 2160.9
2882.1 1646.4
1398.6 2399.7
2169.9 2982.3
1914.3 713.7
1319.1 53.1
1600.5 87.3
2214.6 1095.6
1346.1 1295.4
1917.9 2157.6
2172.9 840
1677 2009.1
2515.8 796.8
7.2 587.4
483.3 2293.5
2436 1044
748.8 882
2337 1397.7
356.1 2516.7
2148.6 2182.8
1788 2107.2
1700.1 132.6
1868.4 2153.4
2452.2 2913.3
236.1 608.4
393.9 1303.2
2592 315.9
2176.8 2324.1
465.9 2.1
1658.1 2078.7
2357.1 338.4
2837.1 915.6
197.4 699
2916.3 51.3
2290.2 975.6
1624.5 625.2
527.4 600.6
9 1723.5
356.7 2444.1
2542.5 453
964.2 1042.2
1723.2 53.1
195.3 2570.4
2347.8 2775.3
2592 2606.1
1315.2 906.9
628.5 305.4
2804.7 1089.6
2377.8 1522.5
4.8 570.9
2614.8 654
1762.2 1293
1979.7 1280.1
1125.3 2154.9
706.2 1816.8
2695.2 206.4
2341.5 1144.8
398.4 728.1
1647.9 405.3
71.4 1329.6
280.2 2247
2710.5 842.1
105 2230.5
858.3 804.9
2386.5 2198.4
31.8 1634.4
2076 2279.4
2837.1 1476.3
70.8 1656.3
294.6 147.3
2060.1 1146.9
570 2651.4
411 59.7
108 1040.7
1268.7 1642.8
2357.7 92.4
1995.3 1648.2
2942.4 216.3
2756.4 2660.1
1137.3 2929.8
1229.4 506.7
1454.7 1650.6
1074.6 597.6
1746.3 2603.4
1974 345
298.2 1305
216.3 1330.2
786.6 724.8
1141.2 2694.3
585.3 96
48.9 1614.6
1159.2 1153.2
280.5 2147.1
645 2584.2
377.7 2499
1402.5 1317.6
2820.3 2483.7
1774.5 1250.4
1513.8 526.5
2346.3 2578.8
602.1 1725.9
793.2 1962.9
135.6 2772
246.9 179.1
2561.7 61.2
100.2 1712.1
2464.8 332.7
558.6 1231.8
1757.7 2166.6
1158.6 1722.6
2926.5 2162.4
696.9 281.4
322.2 2438.4
1689.9 1117.8
1121.1 2342.1
2436.9 445.2
2946.6 943.5
803.1 1509.3
941.4 2897.1
134.1 1074.3
2798.4 427.8
1779.9 947.7
1664.1 2997.6
750.3 2524.2
957.3 403.5
1020 1800
1692.9 1576.2
2852.7 2458.5
975.9 2615.4
1774.5 838.2
786.6 1170.3
2946.3 1552.2
2246.1 1077.6
1716.9 724.2
582.3 810.3
100.2 1608.3
207 1675.5
2304.9 2235.3
279.6 2321.1
2888.7 2872.5
2657.1 488.7
1810.8 207.9
1791.3 1193.4
2323.8 776.4
760.8 684
1968 2539.5
1563.9 1476.9
915.6 895.5
1988.7 2802.3
2629.8 1779.3
1508.4 296.4
2230.8 285.9
2561.1 2601.3
214.2 2078.4
276.9 2202.9
409.5 2917.8
1714.5 140.4
2309.4 2559.6
2499.3 469.8
15 1487.1
1244.7 2247.9
747 421.8
1161.3 87.3
345.6 2269.5
2060.7 2726.4
343.2 69.3
2824.8 1329
1080 1088.4
882.6 616.2
2920.8 1693.8
2954.7 883.8
1370.1 286.5
2725.2 1688.7
1999.5 1369.8
1918.8 2388
282.3 1131.9
394.5 2846.1
2462.1 227.4
1788.9 166.5
518.7 1285.2
276.3 223.5
2193.3 1380.3
798.9 392.1
2314.5 135.3
1931.7 2216.7
1374.6 1198.8
1095.9 1793.4
617.1 63.9
872.7 2889.6
1071.3 1527.3
483.6 1272.6
272.1 1407.9
104.1 781.5
492 1940.4
650.7 1899.9
338.1 1520.1
679.2 2601.6
2883.9 1721.4
862.8 819.3
2221.5 1192.2
2548.5 512.4
891.6 2424.9
1816.8 1872
1110 1321.2
1909.2 433.8
2910.6 2160.6
453 466.5
581.7 2979.6
2497.2 122.1
1429.5 2917.8
605.4 2491.2
497.1 30.3
900.9 1933.5
823.2 2323.5
440.4 2963.4
2709 1822.8
2988.9 699.3
1493.4 103.8
396 247.8
767.7 1267.5
836.4 606.3
1779.3 1942.8
2586.9 1162.2
599.4 1649.7
1115.4 2531.1
1724.7 2418
13.5 1654.5
801.6 177.6
1480.8 2057.1
1125.9 1979.7
120.3 687.6
136.2 1237.5
2079.9 77.4
907.2 2681.4
1276.8 2390.7
130.8 1249.2
732.6 966.6
2475 1447.2
2131.5 233.1
2655.9 866.7
2748.3 114.9
2873.4 2752.5
399 784.8
2017.2 1292.4
2037.9 574.2
933.3 1704.9
144.6 2044.2
822 1954.2
2895.6 50.7
2226.3 334.2
2555.1 959.4
2681.1 2089.2
2925.6 2160.3
161.4 2130.9
1834.5 2231.7
210.3 2217.3
2925 2235.9
2736.6 794.1
770.7 1804.2
191.1 2691
1269 21.9
1602 1737
1427.7 425.4
2028.3 797.7
2928.3 1279.2
1080.6 2631.3
1661.1 2291.7
31.2 1918.2
481.5 446.1
2708.7 12
268.2 1069.2
2174.7 1594.8
1422 21.3
2051.4 2468.1
809.7 467.1
1330.5 487.8
779.4 532.5
2514.6 705.6
708.3 413.4
1976.7 1730.1
1239 2526.9
2805.3 2855.1
17.7 1575.9
1413.3 4.2
2714.7 1168.2
691.5 2331.6
2167.5 1658.4
2080.8 1200.3
925.2 2041.5
2581.8 92.4
2850.9 1225.5
2384.7 104.1
2592.3 341.4
1269 2462.4
378.9 2269.2
1509.6 21.3
1138.2 2322.6
2271.6 1358.1
2211.3 849.9
2342.1 2430.9
18.3 115.2
712.5 2722.2
430.8 2609.7
1572.3 2711.4
2367.9 2783.7
2136.6 2376.3
393 702.6
2602.8 1777.8
470.1 450
1150.8 2421.3
504.3 1935
2751 756.6
2013 299.4
1886.7 2376.3
2652.6 1661.4
1782.9 911.1
1524 2669.7
758.1 39.3
2610.9 1535.1
1592.7 773.4
2762.1 517.8
890.7 2252.1
1266.9 1540.8
1176 375
2253.9 2453.7
2829.6 2878.8
2973.6 540.6
1445.7 650.7
2330.4 1345.5
423.9 368.7
254.1 1746.9
2661.9 804.3
951 641.1
672 530.1
1932.9 2574.6
858 2848.2
2859 429.6
1386.3 43.8
1788.6 2571.6
1255.5 1408.8
2031.9 883.5
2001.9 693.6
1668.9 1727.4
298.2 1064.4
2634.9 1623.6
1701.9 2354.4
2583 523.8
185.7 946.5
1758 280.8
174 663.9
1106.1 2039.7
383.4 365.1
827.7 1979.7
2209.2 2127.9
1115.7 796.8
1274.1 868.5
2802.6 1203.9
240.3 2285.7
2635.8 1815.9
2786.4 2835
380.1 1722
1566.3 2576.7
200.1 2088.6
2013 2141.4
481.5 1097.4
518.7 2133
1342.8 599.4
1126.2 891.6
1575.9 561.9
2973.3 1782
551.7 1407.9
1454.7 2712
641.1 474.6
1482.6 2958
1743.9 2315.7
1856.7 598.8
267.9 2501.7
1737.9 2669.1
2338.5 726.9
931.8 1670.1
1736.7 2872.2
2328 360.3
508.8 2264.4
1174.2 810.6
598.8 1996.8
167.4 2997.9
410.7 1446
302.7 543.3
1872 690.6
2203.5 1575.3
195.9 416.4
2397.9 977.1
908.4 2420.1
303.9 489.3
1545.9 65.1
1672.5 2289.9
217.2 812.4
2268.3 1482.9
143.1 1234.2
1556.4 2304
1791.9 377.4
816 1327.5
2322.3 2631.3
282.3 1103.7
727.8 610.8
1752.6 2225.1
2357.4 1818
2088.9 1389.9
2160 528.9
396 2115.9
873 748.8
1755.6 1896.3
864.9 2398.8
1863.6 1538.1
929.7 217.8
432.3 2369.4
2637.3 1053.9
650.1 546.9
418.8 1534.8
2140.2 2442
1180.8 928.8
2676 2217
247.8 1578.9
1230.3 1734.6
789.9 814.2
1004.4 2189.7
2193.9 442.8
1323.3 2521.8
360.3 198.6
21.6 447
2563.2 1114.2
242.7 802.5
526.2 649.2
2426.7 2822.4
2655.9 2406.3
243.6 745.2
2959.5 2933.4
2226.3 2421.9
220.5 1098.3
2233.5 45
813.6 2367
162.9 1404.9
2885.4 152.7
967.8 1015.5
2632.5 391.8
1338.9 2522.4
2224.2 162.3
879.3 1215.3
2589 1551.3
1118.1 1883.7
2152.8 516
1410.6 2014.8
1362.3 17.4
2190.9 2933.7
2791.2 1794.6
810 1171.5
985.5 1872.6
1272.6 1846.2
809.1 2242.5
72.6 855
1688.4 1584
2625.3 638.4
255.9 959.4
194.7 188.4
543.6 1573.5
893.1 2172.6
2022.6 1812.9
1420.2 52.5
2766 1168.8
2063.7 898.5
1299.9 766.2
783 763.2
1307.4 2611.8
2439.9 161.7
498.9 417
132.9 333.6
444 2976
2227.5 2722.2
2333.7 2274.9
1152.3 608.1
1016.1 1803.6
1456.2 1862.7
1710.6 266.4
1992.6 135.3
1965.3 140.4
704.7 24.6
2080.5 300.6
426.9 2945.7
860.7 2139
1137.3 2880.9
1803.3 2569.8
2773.2 222
893.7 211.8
2518.8 2263.2
1788.6 405.3
2506.8 1839.3
202.8 923.7
218.4 519.9
1147.2 1355.4
1978.5 1017.6
1323.9 789.3
679.2 1581.6
968.7 2194.8
2806.2 2321.1
804.3 2434.2
1543.8 2096.7
2243.4 274.8
2730.9 2749.5
2449.8 1852.5
1087.8 2632.5
283.5 2649
2633.4 552.6
2056.2 381
2125.5 1593
104.7 1578.3
1509.9 2591.7
623.7 2397.3
89.4 382.8
285.3 1757.1
1606.8 1459.8
1376.1 1411.8
2542.8 292.5
1163.4 445.8
1702.2 2470.8
93.6 2240.7
2549.1 934.2
475.5 1832.4
2527.8 556.8
2268.3 2727
829.8 2261.7
500.1 1283.1
339.3 1226.4
1724.1 181.5
2402.7 481.8
23.4 823.8
795.9 1579.2
1891.5 2751
215.4 5.1
1071.9 695.4
1326.6 2738.4
393.9 1806.3
2393.7 323.7
14.7 2292.3
2298.6 1307.4
1609.5 768.3
10.5 1928.7
263.1 328.2
1671.3 1258.2
1224.9 1632.6
1962.6 1646.1
660.3 2401.5
2300.7 2032.8
2406.3 2235
348 1333.2
2470.5 1975.8
2542.5 2043
319.8 1252.8
647.4 1518.6
545.1 215.1
2182.8 2058
2928.9 1755.6
1561.2 2218.5
806.4 1591.2
669.3 2670.6
2973.3 157.2
1478.7 2865.3
1176 2686.8
330 1652.7
2562.9 72.9
432.3 597.6
853.8 1750.8
2400 521.4
257.4 2708.7
1872.6 2289.6
1382.7 2467.2
1530.3 2877.9
2153.4 2364.9
741.6 978.6
707.4 1968.9
1440 2753.7
63.9 1945.5
2196.6 2029.5
2374.8 2555.4
1543.5 1237.5
573 1407.3
2496.9 2341.2
880.8 1841.7
570.9 786.9
1010.7 406.5
168.3 1799.1
989.4 103.8
650.7 1974.6
1119 2037.3
2009.1 2617.8
2536.2 1698.9
49.8 2935.8
501.3 1273.2
2237.1 912.6
2223.6 732.6
2392.2 232.8
235.8 1316.4
1935.6 2669.1
1372.8 580.2
177 81.9
1953.6 344.4
999 2770.8
2328.9 351.3
1965.6 1692.6
2910 486.6
695.1 2597.4
2196 2377.5
1185.9 1121.4
198 2520
747.9 510.6
2683.2 624.6
1946.7 2222.1
1750.5 1472.4
18.3 1569
2975.7 2318.1
1470.6 1635
1537.8 114.9
704.4 2811.9
1698 2794.8
2856.6 853.8
2858.1 2683.8
1007.1 2940.6
1244.7 2940.9
986.4 183.6
145.5 0.9
1922.1 1550.4
2877.9 2655.9
560.1 1265.4
1073.4 822.3
1211.4 1760.4
498 1916.7
2476.5 1641.3
2463.3 1414.5
2330.4 2261.4
1048.2 1868.1
325.8 1586.7
864.9 2702.7
9.9 1893.6
2742 2345.4
2041.2 811.2
1752.3 1455.6
1149.3 472.8
755.4 2100.9
2545.2 1560
2560.2 1398.3
1686.6 15
911.7 256.8
518.7 2604.9
508.8 2705.4
1780.2 2340.3
2493.6 1346.7
318.3 2497.2
1080.3 383.1
2812.8 753.9
2571.9 396.9
561 1830.3
336 728.1
1863.9 789.3
1766.1 574.8
2326.5 1611
323.7 1677
1322.1 2666.7
1012.8 2068.8
2693.7 2674.8
360.9 44.1
1340.7 1001.4
2312.1 364.5
2908.5 1989.3
2071.2 1328.7
1062 2721.6
2781.9 750
1376.1 1035.6
1784.1 2596.8
357.9 1724.7
2845.2 220.8
2119.8 1569.3
2046.3 729.3
1530.9 271.5
2930.4 1763.1
398.1 1968.6
2786.1 421.8
1326.9 2250.6
774.3 2225.7
1791.6 1452.3
974.4 247.2
768.9 1539
1242.9 570.9
