100
62.7 20.13
51.11 12.71
1.28 74.63
6.68 48.69
78.1 83.81
67.71 26.4
25.75 85.78
20.87 70.01
44.64 41.16
79.34 80.33
36.88 11.05
19.79 75.45
55.03 19.33
19.11 61.86
33.88 30.57
95.85 49.19
66.17 97.82
5.79 50.87
90.1 23.87
18.15 11.75
60.62 50.1
4.74 70.8
33.78 55.13
25.76 89.32
29.78 72.56
87.44 80.63
16.73 27.19
65.93 22.19
6.5 14.26
8.29 29.33
55.6 27.19
69.33 32.95
57.95 81.59
90.69 91.33
20.84 0.92
80.9 61.47
44.76 39.22
24.17 19.82
87.6 91.12
78.57 42.75
51.11 52.01
93.96 74.94
40.46 61.58
41.46 96.12
25.88 84.86
43.11 86.58
44.74 11.13
22.78 95.67
56.21 54.25
83.98 53.83
33.12 62.67
44.6 20.02
12.03 9.96
31.53 62.04
20.4 65.35
63.41 15.34
80.08 40.86
24.43 2.54
99.85 20.87
91.43 37.78
73.39 49.29
78.7 77.86
5.87 50.62
61.09 4.63
2.63 72.68
69.25 69.51
70.84 37.83
11.25 18.66
56.76 84.49
76.16 97.37
52.76 87.33
78.25 39.66
28.61 19.2
48.2 75.67
1.68 21.93
19.43 79.91
15.84 72.1
75.61 48.06
3.23 96.47
30.73 2.31
90.09 40.15
90.9 70.11
76 76.09
69.1 91.57
7.51 42.09
85.21 43.33
3.3 4.5
18.07 12.73
42.86 41.18
84.72 17.93
12.45 91.88
81.38 64.33
88.19 91.94
55.2 70.37
71.46 65.08
75.15 67.99
34.99 89.39
43.42 88.05
67.26 9.68
86.38 98.97