100
26355 23946
23889 18309
7485 19167
15573 5577
23253 8883
3561 11364
447 7491
15468 23961
1437 8982
25689 3975
5406 11628
18876 6195
1107 22542
16479 3741
22467 11058
11352 21852
16824 4860
25452 3297
18912 16863
4443 7218
210 4557
24105 471
240 6729
21987 9903
21021 27456
1410 27519
2835 7506
26016 11010
29499 2727
13653 7563
29385 21573
17640 17511
15270 21177
12822 13299
19527 8889
22611 7314
17646 12576
7806 6315
3243 12855
1698 13008
783 10398
10566 18873
22674 5406
2511 4695
270 28629
8700 21174
6879 12540
22953 3417
26085 7686
21111 5856
8055 12117
14034 18570
12222 12615
10221 21531
29349 7365
12990 5892
14235 1851
522 5418
7353 27720
22551 26061
6657 6624
23676 19593
19395 28431
25065 27450
11895 19377
13335 1587
20616 2766
19734 2508
28845 1140
11601 16911
20937 21099
14706 8301
24828 24354
18249 25917
18381 21099
12282 24441
6927 1584
8541 10908
23850 4758
28794 1407
5274 29727
17022 10788
24117 22998
6081 24579
7437 21429
29922 12924
1164 849
11046 20700
5943 18933
3531 7287
18054 3225
8307 23094
29277 18573
16068 19668
19647 19593
16023 25923
15507 7320
25905 216
6243 22635
14814 5844