2000
235.62 146.34
254.46 197.1
275.79 41.49
86.34 207.99
16.2 253.68
17.16 37.02
60.75 161.58
138.42 137.97
68.85 223.62
32.88 127.02
72.45 164.64
290.22 52.59
1.71 44.7
139.11 45.03
9.33 116.34
14.49 78.72
5.76 51.21
50.52 243.24
7.2 176.07
215.43 251.22
211.59 77.94
279.72 52.17
18.63 224.91
48.3 12.27
91.41 276.51
167.28 193.95
49.17 25.11
105.54 277.77
46.26 17.7
280.29 164.52
133.23 76.68
82.11 48.6
269.04 153.78
171.24 28.14
31.26 254.91
126.24 254.76
11.49 181.53
224.04 209.79
19.38 114.51
46.92 165.18
292.83 35.19
124.89 69.36
181.35 89.64
130.83 175.89
131.22 61.41
3.09 141.48
211.77 8.37
60.03 131.61
194.82 25.65
264.54 87.75
236.85 225.03
274.5 112.29
197.55 131.31
297.24 14.34
295.56 61.47
5.4 47.82
280.71 239.64
114.72 105.84
58.89 168.39
262.68 169.11
168.09 285.45
124.14 171.57
203.97 82.05
249.9 0.66
128.94 158.07
34.56 23.37
80.85 244.53
214.56 91.44
295.74 196.74
268.74 269.55
15.57 291.18
23.79 186.99
105.21 200.28
51.09 238.32
205.68 1.5
45.33 204.33
95.64 270.09
99.45 249.72
19.77 245.61
135.03 2.52
93.72 180.75
256.65 103.65
88.14 50.64
80.58 201.54
57.72 34.89
263.97 295.5
48 275.88
117.69 232.56
60.81 281.22
38.43 284.16
164.49 223.23
36.75 219.45
129.15 132.21
290.16 221.16
171.15 76.95
212.43 257.94
171 292.17
262.5 45.54
185.52 25.68
254.37 142.86
28.5 139.44
30.75 111.66
114.15 248.13
282.57 226.98
67.59 100.14
269.46 210.99
246.18 63.96
59.61 194.04
160.38 142.26
213.63 279.54
221.04 182.01
26.85 246.3
86.94 212.25
39.81 233.34
167.82 47.94
248.49 123.45
46.56 174.6
222.12 136.8
52.53 70.38
78.51 152.76
72.99 28.32
259.11 168.78
29.52 299.07
133.32 264.69
140.61 41.34
209.49 168.78
34.32 11.94
136.74 204.09
259.41 280.59
181.62 282.78
48.66 73.08
40.17 42.27
9.9 41.31
264.24 206.07
54.42 33.33
296.28 34.08
167.01 73.68
95.49 106.89
212.19 249.15
8.07 9.69
48.48 24.03
156.54 115.23
77.79 96.9
14.37 26.34
284.43 7.32
220.2 176.82
41.91 286.56
52.53 223.08
226.92 144.87
271.56 253.89
211.29 172.68
123.51 103.08
250.08 65.55
254.97 291
25.95 13.77
64.74 281.28
5.19 55.56
155.79 61.5
35.34 195.21
113.58 65.19
149.79 256.26
293.07 80.85
248.16 185.13
241.14 214.47
165.57 176.43
248.64 148.08
284.28 186.3
112.41 65.76
282.06 102.12
70.14 103.14
121.44 120.75
165.78 90.42
25.38 203.85
230.55 183.51
160.71 161.16
268.02 31.41
4.56 244.71
210.84 176.52
151.11 261.51
24.51 21.93
170.19 248.55
154.47 104.88
234.81 251.07
29.01 52.86
116.37 186.03
78.81 7.68
200.34 76.83
153.51 188.1
17.13 275.22
160.23 188.7
7.74 60.3
93 258.84
6.36 243.66
6.42 144.87
270.42 19.62
185.76 75.81
12.57 276.48
55.05 107.67
160.05 72.03
186.99 237
182.79 7.44
108.93 102.33
183.21 33.96
284.07 0.93
31.11 44.76
29.58 68.7
166.05 54.15
83.61 190.95
40.29 294.63
17.94 149.37
10.62 259.35
204.75 248.13
73.11 163.08
187.71 105.39
108.21 216.27
113.76 130.74
204.66 125.31
159.78 67.14
24.69 106.14
212.01 178.59
145.26 226.05
62.52 297.48
59.43 132.39
299.64 194.19
50.88 292.71
122.79 203.67
227.28 25.8
243.09 267.99
159.6 264.69
162.96 63.21
129.51 13.02
184.47 188.34
181.71 153.93
69.81 198.51
115.26 152.49
171.9 263.43
197.16 218.31
22.14 114.48
147.48 246.78
14.58 293.76
93.06 152.73
254.46 203.85
277.98 75.15
142.08 206.19
56.22 191.34
279.57 179.64
142.08 170.55
71.01 88.98
256.23 276.45
250.65 292.2
62.55 294.18
45.81 254.7
0.75 225.33
27.72 26.37
23.91 11.13
249.66 288.78
281.37 210.96
51.78 62.31
288.21 193.59
290.79 124.35
40.71 6.63
126.45 18.57
149.04 191.25
126.93 268.71
131.88 197.43
2.19 77.28
126.9 231.51
46.71 276.48
80.49 87.51
153 205.2
101.22 201.42
256.8 103.2
189.78 89.34
109.71 173.88
168.45 78.45
42.87 75.09
233.25 227.73
280.77 277.2
238.47 190.65
2.52 222.36
203.91 241.11
46.62 65.16
85.86 175.86
201.18 226.8
286.32 98.82
278.61 156.36
226.08 55.59
1.65 251.79
19.65 131.31
128.46 266.61
131.1 206.19
148.83 152.73
181.5 25.5
42 252.12
66.42 29.28
195.81 118.62
211.92 202.29
96.15 266.64
18.9 134.7
17.46 45.39
112.62 23.88
290.64 167.55
81 222.87
80.64 174.18
31.86 183.09
247.5 167.97
39.6 281.31
189.84 225.45
258.63 58.2
182.7 22.23
190.98 212.79
35.49 34.05
171.99 29.37
34.41 108.87
224.31 243.63
49.74 179.85
96.24 163.83
80.28 25.95
282.48 248.46
54.78 200.82
163.77 295.26
228.48 104.73
59.31 270.51
294.81 286.35
182.16 186.9
63.72 33.78
138.06 92.01
247.11 170.01
25.8 124.32
18.12 235.26
134.46 134.22
84.66 168.69
150.54 73.5
28.98 185.88
82.98 156.57
64.98 270.03
29.22 21.24
106.23 103.05
140.55 236.37
106.35 236.28
195.21 260.16
219.09 264.36
201.69 96.78
137.79 118.77
176.31 142.77
292.29 271.65
83.73 32.37
271.71 141.24
299.25 112.17
89.4 116.16
135.03 48.75
250.65 144.93
35.49 18.81
86.88 39.33
267.72 152.76
114.81 50.07
268.23 114.06
288.06 158.91
294.75 19.02
111.42 63.42
52.08 193.92
92.07 77.19
274.41 176.82
191.16 51.66
242.67 141.81
187.38 169.89
160.95 173.43
297.18 179.55
266.34 282.48
49.74 221.52
178.05 255.57
241.23 178.17
214.32 70.44
132.18 27.72
64.2 78.81
219.63 145.83
175.14 74.49
23.91 210.33
93.75 34.56
104.82 278.91
123.57 95.04
37.11 65.52
0.15 173.19
105.42 118.74
98.97 143.34
13.26 41.67
25.8 59.82
3.42 194.1
256.89 55.59
52.14 197.43
192.87 158.28
161.67 147.81
60.87 200.85
150.48 211.95
131.01 17.67
254.4 75.9
112.11 57.96
142.83 54.84
11.01 169.71
156.15 132.21
170.13 37.05
167.31 223.38
101.16 108.57
117.78 230.1
78.93 232.5
104.85 27.99
197.58 18.66
216.69 109.92
101.22 160.02
290.55 156.21
243.36 251.19
229.26 20.28
138 104.28
280.11 55.02
202.86 246.81
60.72 297.42
109.92 201.87
291.81 274.44
128.4 224.01
163.65 109.32
73.74 151.65
52.47 44.73
197.19 66.27
228.42 146.64
147.66 75.54
51.27 216.66
239.04 254.37
166.41 80.64
24.3 27.36
197.7 216.54
286.98 16.38
112.23 216.75
42 263.67
171.93 51.06
50.58 190.38
184.89 162.69
177.27 66.24
96.33 23.25
95.4 152.55
288.33 114.24
161.97 275.52
78.93 66.15
62.13 25.56
16.65 267.24
36.72 74.16
249.57 23.16
59.61 169.35
149.64 32.52
232.47 218.85
249.06 25.8
61.92 220.08
173.1 246
135.84 50.91
60.03 87.66
47.07 91.02
1.59 25.89
165.57 290.76
93 76.95
207.75 208.23
61.53 230.46
2.22 179.13
245.91 290.19
1.98 75.75
227.4 279.63
74.91 166.53
69.81 4.53
275.43 187.56
99.75 71.91
272.28 66.03
206.4 129.21
42.78 40.29
70.26 19.59
290.16 239.55
284.28 171.48
56.01 41.73
13.29 13.26
139.47 213.45
2.16 17.04
29.31 299.82
296.82 233.1
222.3 110.28
3.09 58.5
21.24 146.37
17.85 211.92
68.85 276.51
37.44 4.62
107.31 172.02
294.81 192.06
127.08 176.91
133.62 20.79
54.93 259.83
48.78 64.62
11.37 118.74
289.89 268.62
275.79 218.73
122.94 109.65
104.22 207.36
173.91 109.23
99.33 278.22
177.27 28.35
18.3 17.79
260.43 186.96
50.31 218.07
72.66 63.09
144.06 145.26
193.29 129.03
54.54 109.14
24.75 243.24
6.54 156.39
2.94 26.07
194.46 237.9
18.45 199.86
26.64 34.59
246.54 43.71
92.79 260.73
92.49 157.38
72.9 11.07
55.71 265.53
200.34 57.27
197.97 94.2
102.3 123.75
5.58 199.86
72.87 164.43
45.6 47.76
74.76 275.28
140.49 170.01
38.55 124.71
26.79 236.19
22.92 56.4
190.5 282.15
154.5 65.82
74.76 294.03
295.26 198.99
192.09 229.14
237 79.59
263.43 188.61
39.45 28.14
184.2 170.13
129.78 62.61
163.38 1.56
257.61 194.82
174.69 180.36
197.04 208.71
56.07 158.85
218.1 290.79
197.52 61.11
254.46 278.43
0.03 207.18
290.55 160.8
294.39 165.78
7.89 120.21
141.63 189.66
269.73 144.75
32.88 159.12
196.29 2.64
160.89 19.02
157.86 37.23
266.19 287.22
27.03 264.54
160.29 65.07
215.46 9.33
49.47 165.63
198.51 28.5
240.99 256.53
74.43 229.44
126.69 179.91
262.53 193.23
169.77 199.32
17.67 147.39
143.73 168.54
245.22 11.64
234.72 56.22
286.92 46.05
165.54 169.29
170.46 245.88
225.9 10.74
143.88 137.28
82.56 247.98
209.61 74.25
218.07 160.62
21.99 74.37
141.42 92.22
252.36 274.92
281.82 10.5
16.47 29.64
264.99 50.28
34.47 295.77
229.11 143.1
283.65 184.59
94.83 38.49
237.39 234.57
285.33 125.7
25.68 253.38
6.18 59.73
46.56 235.86
199.32 11.82
18.75 86.58
164.1 288.9
162.9 86.64
276.42 89.94
177.6 155.52
67.11 55.62
172.86 40.2
102.03 217.56
63.3 52.77
32.16 123
139.71 274.5
69.51 281.55
159.66 90.06
268.86 217.95
236.16 46.53
49.65 276.48
92.79 25.83
25.5 23.25
98.55 294.87
282.96 180.21
38.04 225.78
125.85 101.28
71.25 141.36
59.19 42.21
117.63 54.96
94.89 233.52
40.35 71.7
272.31 206.88
138.06 50.28
41.43 289.86
56.28 99.84
98.58 96.57
82.59 156.33
129.57 97.17
31.74 245.13
27.6 46.74
94.38 11.67
7.08 254.25
259.29 174.69
120 187.56
14.88 232.26
22.65 196.98
21.21 111.21
3.09 271.98
129.6 90.6
216.93 25.2
120.54 236.16
272.4 271.05
20.07 212.94
68.55 45.78
102.81 228.03
84.15 147.75
270.54 172.05
264.96 80.85
266.82 277.71
251.61 14.91
282.81 45.33
77.28 73.65
198.18 272.31
17.1 155.01
62.55 187.23
110.61 173.01
259.77 290.1
279.06 6.72
79.71 250.08
173.85 103.5
154.11 279.36
74.16 64.41
166.95 268.38
175.89 146.7
276.48 33.06
151.83 76.59
193.5 276.36
276.75 272.22
139.98 64.2
168.18 125.04
192.45 137.88
293.91 215.55
140.64 192.33
189.33 52.17
29.43 92.82
16.11 221.19
195.99 13.92
249.87 153.6
43.47 232.8
189.33 216.9
204.99 185.43
232.32 66.51
144.63 10.23
44.37 68.61
215.49 24.21
290.04 58.92
17.52 59.91
60.54 34.56
197.73 1.65
72.6 29.85
47.55 236.76
288.24 65.97
240.63 74.67
160.29 29.19
53.52 284.85
160.17 72.78
187.95 24.72
169.23 186.57
44.31 119.34
59.55 204.18
29.43 0.93
81 124.41
129.3 7.32
43.38 294.12
216.78 255.87
195 287.07
237.99 131.07
22.32 170.34
251.37 0.57
119.1 246.75
26.88 280.77
165.39 278.13
12 219.75
218.7 195.54
243.12 212.7
190.08 236.64
37.56 155.91
253.11 148.02
195.93 21.63
63.6 8.49
285.36 121.05
36.48 44.97
49.02 144.69
106.56 17.16
193.38 141.75
170.73 235.8
69.93 13.5
38.19 46.89
148.74 67.59
35.37 193.98
219.09 269.97
193.8 39.96
97.56 12.66
183.12 113.16
78.87 81
49.47 123.57
109.92 59.13
58.56 66.57
54.42 33.96
100.59 254.67
199.83 127.47
173.34 150.69
182.37 246.45
0.15 275.52
171.69 27.36
236.73 107.28
109.77 124.29
216.84 270.57
152.1 289.11
210.63 211.11
299.22 151.08
183.63 286.32
197.16 226.38
102.57 205.71
172.41 225.87
54.06 264.33
105.9 65.91
15.78 53.55
40.5 13.59
79.74 242.82
39.36 54.15
21.93 234.69
29.1 145.53
244.56 235.05
94.8 216.03
290.73 74.94
205.35 134.22
21.81 275.16
206.49 25.92
91.47 224.01
29.73 267.06
105 44.04
214.68 276.54
134.64 214.38
197.01 85.59
260.01 194.73
44.25 97.35
286.86 183.33
284.58 8.01
101.58 105.54
38.25 269.31
141.42 11.58
54.3 252.42
158.97 101.91
48.39 221.19
11.13 8.01
263.64 291.66
147.54 74.01
97.29 57.81
97.17 294.06
115.02 20.61
279.99 208.83
97.86 202.35
292.11 285.15
260.1 88.74
51.57 153.48
46.08 153.06
28.41 235.83
47.43 166.08
295.38 11.58
18.3 88.59
62.91 201.15
38.64 70.53
298.11 250.83
9.81 170.34
267.48 78.3
83.25 79.53
152.01 129.84
196.53 159.57
95.04 179.88
132.99 235.38
63.66 117.45
266.79 267.36
298.98 104.25
62.58 104.4
270.48 80.76
279.66 66.57
211.05 122.49
27.99 44.97
212.31 270.39
44.16 2.79
108.18 243.63
200.82 210.72
142.65 67.86
204.72 21.57
0.66 264.24
223.23 282.99
246 167.67
250.92 157.41
246.3 30.39
203.19 117.99
62.88 287.07
97.83 204.84
284.37 14.25
32.22 293.01
67.95 144.93
275.46 156.87
44.82 174.48
77.25 50.13
108.63 283.35
71.73 103.05
261.72 127.62
278.07 86.4
80.04 24.54
16.92 179.58
279.12 252.54
0.06 60.24
256.53 56.76
23.13 266.04
142.56 211.2
294.45 63.21
265.14 286.05
148.59 28.5
67.56 280.02
64.62 19.44
128.94 102.15
214.98 246.78
44.67 65.4
104.31 254.01
118.44 107.76
51.24 20.25
269.01 150.81
77.43 205.95
125.4 115.26
173.88 7.05
58.92 5.13
102.12 257.73
277.05 4.74
42.54 92.64
197.25 60.33
191.49 61.77
287.82 149.4
70.68 174.57
129.78 82.71
85.23 98.67
70.08 36.51
242.34 176.88
252.24 245.25
219.06 32.64
14.88 221.43
236.43 97.71
37.53 178.65
168.27 49.29
48.27 45.21
121.17 103.29
268.56 206.37
213.78 56.88
125.64 217.56
9.12 253.41
261.9 207.54
197.55 236.04
166.11 46.2
263.55 292.14
295.77 114.66
268.23 288.39
109.53 233.4
198.96 219.03
30.18 273.12
199.38 130.26
96.45 134.1
250.35 25.62
280.74 33.93
113.04 287.25
5.07 230.52
102.6 129.3
82.74 209.79
94.47 69.18
10.77 171.66
256.23 104.67
114.21 11.76
95.61 74.85
50.04 108.69
134.7 148.11
236.31 286.86
95.37 280.59
261.54 97.44
163.95 137.82
129.9 100.5
281.13 90.69
127.92 179.43
125.25 176.37
215.55 67.11
88.71 137.88
279.63 247.02
229.74 81.24
2.04 231.06
14.34 281.28
216.33 121.17
284.88 90.09
235.17 259.98
32.64 133.8
5.7 77.52
280.71 112.32
42.81 86.64
186.51 273.87
18.3 20.82
102.27 47.88
63.48 48.06
220.35 152.46
204.48 122.76
112.32 267.75
118.41 240.93
148.08 99.54
176.7 44.01
75.6 212.28
287.67 223.41
247.11 160.05
130.26 149.94
70.53 234.39
27.9 148.62
7.92 47.91
22.53 27.57
143.82 125.13
94.29 246.03
288.99 276.84
273.21 265.68
166.29 238.14
270.12 234.57
79.89 209.1
155.46 49.77
1.08 44.01
251.49 199.02
102.09 217.02
75.78 55.77
255.99 100.68
73.41 216.57
232.86 60.57
26.1 188.88
145.05 68.55
289.47 62.19
153.78 228.51
162.09 208.05
189.81 128.52
160.77 96.09
186.39 242.97
216.3 244.32
174.33 276.78
231.96 250.35
3.36 182.04
188.13 152.34
259.95 86.76
198.27 45.45
9.99 47.13
270.69 210.3
2.94 100.62
61.29 171.69
167.22 261.69
120.48 149.28
98.16 254.01
41.58 217.38
220.56 204.81
44.97 98.91
59.4 230.13
65.16 214.98
250.23 220.02
269.31 130.29
24.06 13.32
69.12 198.09
213.69 228.6
103.29 62.76
82.56 271.98
52.68 91.35
192.33 234.96
269.07 37.32
159.45 157.89
111.6 215.16
211.98 117.84
149.64 135.06
188.43 219.69
0.96 55.23
218.49 49.44
43.53 245.73
8.88 180.15
117.3 194.22
28.65 264.48
293.1 84.45
99.99 212.28
254.31 12.03
151.53 26.67
235.62 270.27
158.82 162.45
166.53 213.99
83.58 292.89
194.49 22.77
112.35 89.22
70.8 24.24
77.28 8.46
57.3 87.99
58.14 32.13
236.88 29.28
116.04 216.87
248.49 144.99
207.18 113.34
87.51 83.25
26.88 268.74
36.24 11.79
100.38 35.19
166.77 195.42
117.84 294.36
232.08 16.23
150.12 27.6
152.01 200.07
272.34 122.76
230.22 245.79
119.34 42.3
103.71 72.66
296.64 218.52
34.05 264.36
73.11 78.06
70.47 11.43
293.76 80.58
209.25 75.72
156.24 188.61
52.59 16.65
24.6 223.29
288.15 118.05
188.7 19.71
37.5 268.56
25.8 188.55
136.26 124.17
206.13 179.67
107.25 1.5
118.5 172.68
19.62 95.76
19.68 139.35
285.99 10.95
255.03 101.37
232.14 41.28
283.38 231.3
279.75 291.78
39.27 251.28
10.53 130.26
200.01 95.52
16.92 289.41
36.27 21.81
56.46 210.6
1.95 158.43
150.78 167.01
255.3 219.33
114.18 240.81
102.75 24.33
164.52 37.86
39.06 140.73
155.58 21.09
223.86 66.03
249.9 259.83
207.78 103.5
169.44 222.03
240.93 113.22
193.74 64.2
295.89 25.92
60.21 108.81
207.39 37.89
219.21 195.9
208.08 268.89
149.1 34.53
163.26 239.13
99.45 122.19
50.73 161.97
284.61 144.03
187.62 208.62
46.35 267.57
252.36 258.78
174.24 94.08
70.26 193.05
236.01 68.34
173.19 24.03
56.07 38.91
241.83 222.39
277.26 171.99
220.44 168.51
11.76 28.2
43.95 52.05
99.63 201.75
39.21 115.89
131.28 287.4
86.64 19.89
249.15 52.68
88.8 66.51
39.57 114.33
80.88 251.25
8.64 136.02
213.21 43.74
8.73 20.28
209.7 12.33
154.26 3.81
46.41 52.83
60.99 55.44
138.72 59.43
19.89 39.18
62.4 55.98
279.03 12.78
0.81 271.98
20.01 77.67
292.38 229.56
53.16 233.13
284.58 32.22
58.11 41.37
37.47 132.3
54.3 88.77
166.44 36.33
176.37 273.84
233.37 76.17
79.56 266.31
243.3 53.7
230.52 204.99
288.51 240.3
84.45 213.18
178.05 249.87
217.41 195.87
131.82 270.66
291.09 283.17
178.02 8.49
93.75 117.27
194.85 107.61
135.9 162.45
169.44 284.97
234.45 23.31
54.39 163.41
104.7 144.06
155.37 255.42
181.71 60.48
13.14 46.47
109.38 48.87
268.2 266.76
13.56 2.43
52.35 299.94
202.59 247.41
25.95 65.64
206.55 170.52
42.87 241.05
67.98 92.82
144 111.03
249.93 167.31
9.9 226.92
146.7 120.48
89.73 164.19
254.31 157.95
123.6 122.76
154.83 62.46
6.06 297.99
162.3 232.41
175.59 115.05
59.1 291.24
44.16 217.29
1.2 132.75
249.45 57.69
238.14 213.69
234.42 195.33
41.22 28.8
276.72 281.85
4.23 94.5
13.98 7.74
176.91 108.36
251.43 71.01
161.07 78.99
194.43 63.9
197.37 79.71
133.65 82.5
220.35 79.35
284.22 222.27
230.13 226.41
9.87 136.17
222.33 275.22
102 114.78
108.18 38.61
108.24 247.8
265.98 230.52
229.8 275.97
8.79 62.64
87.78 80.58
207.51 290.7
221.07 280.95
117 146.01
1.2 224.13
119.25 192.78
148.74 101.43
259.47 198.81
28.08 225.66
169.59 43.92
60.96 91.35
30.57 235.35
17.37 64.05
192.06 26.22
57.75 54.66
139.92 130.47
34.17 226.56
161.94 121.38
241.74 76.68
33.36 206.85
46.29 64.5
227.85 28.92
25.38 54.75
86.13 5.01
135.3 12.06
234.21 68.64
25.56 175.26
152.82 182.46
27.36 40.44
132.63 144.75
135.51 223.92
91.05 112.41
117.75 22.53
165.24 45
31.08 40.8
6.12 162.69
47.37 264.78
123.54 284.46
169.68 193.29
37.68 274.11
222.36 151.71
26.7 231.54
179.94 212.61
33.09 200.37
137.94 40.38
9.18 116.4
170.52 259.8
179.67 99.93
92.94 284.67
280.5 251.91
80.85 125.04
208.89 38.73
8.58 190.68
205.89 38.52
73.14 41.16
89.43 259.95
73.53 254.64
228.87 214.14
225.27 94.71
77.19 268.17
25.41 297.9
233.34 203.01
70.41 200.52
121.89 9.24
73.8 182.85
110.04 214.77
252.6 77.22
162.81 17.07
261.33 127.59
247.65 20.49
27.33 150.6
30.42 158.07
49.5 84.45
46.59 180.39
81.63 224.04
204.75 55.86
242.46 83.64
105 50.61
178.56 295.38
213.6 47.46
67.71 291.39
244.53 105.75
7.95 22.32
19.8 21.69
213.54 48.33
109.86 25.14
159.69 2.01
197.34 104.13
104.4 75.27
140.07 227.46
3.18 33
199.98 207.39
35.25 238.8
46.35 253.65
189.51 123.69
15.39 246.54
58.65 87.3
47.73 30.12
227.52 15.33
128.61 184.32
15.66 79.38
9.69 80.55
82.62 288.75
140.7 275.49
251.97 81
25.74 168.9
79.92 65.16
126.99 125.37
292.5 41.22
69.6 56.85
182.64 25.05
267.66 29.25
223.95 18.24
222.57 275.7
76.77 22.41
102.6 27.63
62.55 150
3.54 97.2
42.6 115.35
41.67 74.25
99.3 242.94
259.2 166.68
135.93 143.22
214.5 186.36
264.21 256.26
275.34 253.44
156.33 102.9
292.38 143.19
283.5 219.27
60.36 163.47
89.28 105.72
102.78 15.99
74.58 10.77
236.19 218.88
38.91 48.48
246.12 176.55
129.96 256.08
35.22 66.96
131.13 0.96
121.92 74.76
192.06 85.89
86.37 286.83
225.96 21
42.27 126.84
284.64 245.22
25.5 180
66.51 21.66
270.06 36.84
182.58 249.03
225.39 88.68
54.03 150.78
179.73 266.28
204.09 52.02
136.95 64.38
59.52 68.25
222.45 282.84
262.05 168.78
181.62 216.78
125.91 139.08
49.95 109.59
34.14 21.45
70.68 61.92
245.88 139.56
226.92 287.22
276.81 188.64
11.31 132.15
257.19 179.13
249.75 69.15
292.14 66.84
37.56 69.93
0.06 53.97
153.96 10.65
202.74 148.05
262.29 285.48
192.39 12.96
246.45 45.57
215.28 226.89
38.7 28.41
164.88 56.97
9.54 4.2
58.02 124.11
156.21 108.03
34.65 203.37
243.3 67.77
124.11 22.38
281.64 227.82
33.66 261.21
134.13 0.06
153.09 69.54
168.84 17.46
278.76 175.62
242.82 13.77
204.78 111.12
243.75 97.95
13.83 67.41
151.05 49.59
103.41 120.45
161.61 174.54
57.72 204.51
29.13 269.58
89.52 61.89
103.8 47.73
26.1 189.15
79.17 115.89
11.61 100.5
46.86 204.48
291.15 273.06
114.6 167.04
38.88 143.28
73.11 5.28
234.06 241.68
66.03 293.07
15.78 262.44
51.3 72.24
16.59 259.62
272.76 123.78
5.25 131.4
27.03 6.57
94.29 281.97
51.27 15.72
170.16 77.07
15.24 103.77
86.82 79.5
51.15 183.06
81.18 97.08
119.31 18.54
151.95 280.5
265.95 212.19
76.2 239.22
205.2 208.83
18.48 273.93
87.36 136.56
130.74 164.43
113.46 112.71
57.06 46.02
245.04 197.07
14.13 173.67
64.08 271.83
73.98 65.07
55.62 247.35
20.88 65.88
214.14 154.26
161.79 229.68
226.86 175.32
57.33 142.74
274.56 223.65
223.53 114.63
199.92 38.85
18.9 248.1
181.47 224.82
118.11 232.74
184.11 216.12
54.51 284.49
290.58 298.59
279.75 11.1
212.73 19.38
257.61 296.64
245.49 279.27
59.85 46.29
221.64 75.66
276.27 269.4
17.73 123.18
225.84 294.21
2.01 286.41
15.99 240.09
54.57 217.8
49.26 272.58
207.6 3.09
63.48 157.29
63.33 173.16
299.28 261.06
203.97 17.28
267.39 40.77
272.67 59.67
110.31 83.37
87.87 97.32
75.6 252.24
181.32 179.28
221.55 138
282.06 291.99
227.88 100.77
78.66 232.11
224.16 241.2
34.44 212.94
38.94 293.4
90.09 67.2
29.55 137.43
124.65 16.2
236.73 235.53
162 244.08
62.4 56.04
159.81 249.15
242.34 260.91
151.2 80.25
274.71 31.65
276.15 27
270.84 212.01
55.74 258.36
67.5 42.3
231.3 74.49
255.18 281.76
151.71 85.56
135.63 207.81
234.66 132.96
60.78 139.5
251.13 231.3
50.28 107.58
119.46 147.87
205.98 69.63
135.42 130.62
234.33 124.71
151.05 53.79
120.57 75.33
226.98 252.66
205.98 275.67
195.51 275.4
30.81 30.87
117.42 49.44
33.6 101.85
224.67 175.38
12.84 231.03
33.9 285.54
293.07 43.35
279.57 167.19
55.56 238.26
181.29 51.3
34.47 127.02
187.32 108.54
29.37 28.89
238.89 21.3
234.21 169.23
255.18 160.2
193.17 119.88
78.63 128.55
41.49 177.45
199.05 159.06
241.05 242.04
126.42 87.36
277.92 147.72
83.55 256.44
124.41 248.19
92.25 128.58
294.06 61.38
147.18 186.27
59.82 232.29
177.15 19.08
48.75 246.9
169.08 98.28
179.91 81.51
16.89 176.7
13.08 288.39
209.91 7.38
71.7 191.94
83.97 233.64
93.81 233.28
122.58 138.9
154.59 117.42
143.07 199.02
0.06 78.72
155.58 138.87
117.18 47.82
49.65 84.96
14.16 126.81
26.76 66.81
222.15 202.08
2.01 96.21
85.47 33.66
206.1 151.68
39.72 119.91
201 220.65
163.92 74.67
284.49 128.73
49.35 17.52
198.66 281.61
241.35 126.06
202.29 77.01
0.06 108.42
220.47 272.49
279.96 40.14
165.39 167.79
10.53 238.44
26.1 22.71
231.48 40.38
218.16 114.09
107.49 135.57
177.3 160.92
147.15 142.53
21.9 64.92
103.65 139.83
129.15 111.57
174.81 61.5
141.54 268.26
217.47 0.51
159 19.32
263.67 263.07
135.96 277.14
246.09 101.13
220.41 274.17
125.97 214.68
256.32 141.6
296.82 119.19
68.79 266.37
170.52 1.71
184.17 294.24
173.73 113.97
26.97 123.6
25.32 222.27
190.62 205.02
221.07 64.2
290.76 228.6
67.77 83.07
203.19 95.61
272.43 237.21
172.44 201.87
77.79 41.82
29.52 172.02
222.99 187.65
153.6 31.32
12 296.19
202.26 171.36
258.42 138.45
257.61 251.7
19.71 90.69
48.27 104.52
172.83 27.09
146.52 236.7
13.65 0.54
196.41 297.81
143.55 181.35
291.78 156.48
14.67 118.14
292.56 184.95
77.76 228.36
249.09 0.36
185.43 265.83
169.98 241.77
32.94 233.19
157.98 63.12
169.68 11.16
210.09 40.89
294.27 19.47
213.27 245.46
156.69 260.97
58.77 234.09
273 170.88
93.45 287.97
115.47 19.11
298.8 16.95
112.41 65.46
177.93 0.45
121.74 44.82
179.73 275.79
266.04 137.79
21.09 290.58
55.02 207.09
53.34 263.97
17.31 159.24
83.25 90
37.32 121.14
64.08 94.71
284.64 264.66
131.61 245.7
43.92 265.29
98.34 146.37
5.58 193.53
118.92 257.85
70.83 246.36
220.74 34.62
119.88 45.42
113.13 17.04
23.52 213.15
134.97 280.56
199.47 34.74
4.8 221.79
97.89 50.67
50.85 194.88
161.94 241.11
33.51 212.31
282.66 56.28
206.07 142.38
261.51 277.8
173.07 115.26
67.47 162.66
12.93 87.33
99.21 53.79
54.66 90.93
41.76 43.02
276.72 105.33
225.66 154.08
231.69 291.6
265.62 264.39
220.41 74.43
81.81 249.33
197.82 35.91
148.41 53.73
216.57 165.09
128.76 3.15
63.69 131.61
14.46 31.14
206.91 10.77
136.05 63.3
173.25 10.86
110.52 189.42
197.07 177.69
274.14 29.82
90.66 132.63
35.85 288.3
172.71 81.18
63.63 157.98
96.3 14.79
159.81 13.59
106.11 33.27
64.53 158.94
87.15 148.29
199.56 217.26
201.03 23.58
5.1 44.91
67.89 223.95
66.3 156.27
79.14 244.92
65.82 260.25
279.9 194.43
54.84 261.33
4.44 119.82
71.22 257.25
105.96 29.7
20.46 4.74
47.7 105.72
87.33 220.26
28.2 22.92
178.53 282.57
107.34 67.47
191.34 40.14
293.67 261.51
79.8 226.53
136.74 128.25
115.02 65.19
187.62 176.73
38.73 150.66
143.1 53.79
210.84 123.03
60 60.69
201.96 58.14
79.02 99.96
141.18 0.69
193.8 146.52
26.04 216.75
285.63 176.73
39.39 27.15
44.94 86.31
240.51 262.17
180.51 290.61
229.53 17.94
107.37 210.81
69.81 185.43
63.72 120.45
265.35 52.74
13.92 104.16
277.86 32.91
217.65 24.42
146.7 16.41
47.04 58.53
67.71 271.56
9.39 159.6
287.22 54.63
238.26 194.43
72 36.42
185.76 285.87
276.57 277.65
37.92 195.15
117.09 39.99
255.24 298.95
127.92 146.4
28.35 172.83
72.66 133.29
262.62 261.39
51.75 37.29
7.2 265.56
197.25 277.77
299.85 198.27
66.27 24.93
212.4 115.23
133.77 101.52
241.53 92.61
233.88 141.84
251.22 210.66
49.83 167.7
254.22 259.29
51.27 191.64
220.26 78.81
229.83 142.53
43.86 34.95
29.91 37.65
64.95 39.69
10.29 277.41
191.97 133.56
150.51 77.01
262.32 26.58
36.27 71.79
84.51 63.45
138.6 127.71
41.4 137.58
173.04 250.08
227.91 45.33
264.6 129.66
245.64 116.55
143.88 22.98
54.03 194.01
198.96 94.5
101.01 86.28
4.29 25.47
251.4 180.36
224.4 171.27
88.29 90.45
241.02 206.64
82.17 158.76
4.47 6.03
207.93 172.41
142.8 64.62
240.42 42.81
290.52 138.3
282.9 130.77
194.19 31.2
18.33 244.38
2.4 272.46
167.43 176.16
27.87 88.05
8.46 78.18
165.75 19.95
129.75 0.39
62.34 127.65
198.72 297.69
255.54 218.19
23.37 11.13
0.15 283.14
137.43 245.22
228.21 165.93
49.5 231.66
162.18 53.67
24.87 116.7
277.08 272.67
206.4 230.34
14.49 93.39
7.29 240.6
294.96 190.62
65.31 283.17
48.63 18.36
263.07 39.33
175.41 159.15
48.57 182.91
88.05 7.26
261.39 36.99
70.23 231.54
251.28 162.63
297.15 54.15
192.45 166.41
170.28 83.88
248.4 269.22
65.73 148.83
171.72 139.83
142.83 153.63
95.88 198.87
150.21 107.52
134.79 184.56
224.13 143.55
217.56 65.43
17.49 49.89
2.46 210.3
168.6 73.8
67.23 66.48
116.52 226.29
204.48 222.9
88.77 14.49
80.04 195.63
118.92 106.71
41.28 5.1
116.64 132.9
261.51 89.97
51.51 68.97
4.23 242.13
238.32 7.47
252.63 220.56
167.37 285.99
281.55 265.32
168.87 235.74
232.47 268.44
122.58 75
158.19 157.26
115.89 226.47
10.2 228.63
228.51 164.58
252.15 190.35
0.18 39.87
224.55 181.38
89.67 272.52
258.51 11.58
81.87 289.71
232.29 141.63
101.64 35.61
33.3 209.88
210 163.29
236.49 43.89
136.53 267.24
181.47 214.56
228.33 103.32
53.07 220.71
150.96 182.04
137.37 57.48
153.63 22.62
86.52 31.23
36 16.23
83.28 100.44
144.3 16.56
74.19 72.27
203.1 214.89
240 259.8
190.47 106.74
58.92 50.76
13.65 149.01
132.99 81.57
79.29 197.22
29.85 72.66
161.52 280.77
11.61 293.13
230.7 82.8
171.15 30.96
46.77 226.2
10.17 123.9
108.6 167.97
1.32 55.38
71.7 151.05
114.72 155.61
285.27 36.06
118.53 146.16
211.11 94.47
119.07 202.05
281.52 64.92
99.15 52.62
52.59 27.57
86.31 240.84
161.58 75.75
41.4 20.52
63.12 258.54
186.27 39.06
68.07 243.54
292.77 233.34
43.14 250.44
101.22 94.83
179.7 291.84
105.51 286.71
154.17 139.83
142.8 78.48
275.04 233.7
226.68 11.04
52.41 285.21
137.52 19.98
152.85 227.25
82.5 290.04
28.23 63.57
221.61 42.93
92.58 30.39
249.93 164.79
21.24 64.5
73.95 16.77
135.66 85.2
283.14 279.18
86.91 283.47
71.94 187.29
242.52 133.56
249.45 63.87
123.3 110.79
138.15 72.78
4.65 233.73
52.77 29.04
53.16 70.65
107.76 74.31
177.57 203.16
296.4 273.75
77.73 140.67
21.15 68.52
257.49 146.94
153.87 195.84
287.43 102.69
105.03 12.69
177 215.91
277.65 228.09
63.42 240.33
8.73 117.27
