500
26982 23256
13170 18177
13497 16668
23340 3366
17751 8103
5163 19821
24039 354
19293 10539
8682 7683
22275 28728
4497 4848
20907 6741
14061 13140
8952 21345
5037 22830
6015 11337
7377 27729
27291 13923
20400 27750
28878 9240
7587 11601
29445 975
11112 5793
24633 9081
28341 5529
1074 14526
14268 6552
7059 16728
25407 3816
4752 27126
15765 14511
22668 1236
12162 29202
24966 19080
19224 2589
29682 6516
6702 25287
25908 29253
27696 10053
26688 19983
8514 21078
6156 25347
567 489
16182 23886
153 17982
7641 9291
18147 24279
29520 13638
21873 4038
14901 219
1449 29622
16704 25221
26205 27006
20493 21399
1527 1116
2535 3192
7164 6546
1881 12690
10260 7224
27762 16056
7683 3585
13275 3576
1068 9867
3021 23748
5289 18792
7107 372
1038 1545
26253 19299
18843 8190
21966 25530
9429 13083
18003 14268
23880 17733
22206 24336
12708 6669
28332 3288
4104 15372
10302 18786
984 24963
24993 4089
22815 15114
24405 552
12729 7182
3399 16611
7293 10287
2073 24537
12405 12615
20895 2688
29886 28935
10518 9624
6342 6384
6393 1254
10365 1668
16794 11892
10050 22596
12606 9405
24795 16554
17529 11634
8667 24525
23472 28944
15867 20028
297 12684
8847 15726
4371 16767
28038 9552
1497 5874
2088 24969
9204 4461
2442 20814
420 27843
2895 5148
18396 18357
14901 3453
10017 29079
3459 25998
2259 16911
18813 27543
19110 9000
17925 19461
12039 12126
17739 19176
12639 23475
18255 5283
25989 13029
21159 8136
9975 8058
26631 19248
28569 10137
23352 2955
21627 9906
15903 19977
7512 20139
318 14859
408 13893
11301 5124
16080 26616
5106 5895
5952 7590
25635 21216
28116 2691
15759 663
5547 3630
7458 2568
28074 7860
13692 20697
21705 7419
7092 12489
15732 27084
27891 19104
15684 22542
19716 25059
9132 306
9414 2904
29649 18144
7503 2619
5526 18018
330 27315
20040 426
28971 2124
25524 1950
19395 2517
723 23079
29082 28896
27093 10119
15588 17601
29253 3195
4698 17562
29181 28887
26649 5277
21549 23052
6216 26991
6921 19191
12282 22116
870 771
20631 19188
6594 21660
15579 9348
13671 18030
24540 2217
18813 15540
12492 12768
15027 25473
258 273
17886 6876
11049 24900
588 28383
11526 2862
6351 18621
8973 9282
3357 13284
9297 6075
2316 28473
17289 4014
26826 8187
5391 13119
87 13569
12528 20619
28038 3771
9489 10179
13959 14415
8478 447
11910 21588
9060 24723
14931 12636
25992 29829
5634 16437
4299 2739
7386 11178
27816 12747
19281 4230
7563 11604
22251 26637
8040 8868
21222 5553
4578 210
3165 3855
23034 29100
28563 1491
21831 26409
15741 28089
2262 4965
25440 16683
14067 16791
23553 19098
13770 23670
12951 6516
11163 13638
5217 17721
4527 27129
12027 3045
183 10953
11550 14874
22155 28221
6408 13377
25335 29397
12309 29148
20025 1002
11631 6945
7809 23490
29628 3777
3405 3393
17652 10176
25380 24522
1041 28788
810 5199
5802 4776
1761 4035
17292 14280
13206 288
17520 2214
24159 1116
10128 10512
24687 16140
12663 13212
18906 17430
28086 20676
13209 11943
1101 21714
3582 597
20352 28959
10737 4590
12414 10812
5535 15330
8850 4494
21798 29658
1878 27741
13668 1740
21753 10797
28368 21990
29805 21159
14742 20865
28449 10875
1299 2928
3840 25791
13140 19077
25929 22956
1311 18702
16239 10908
6831 23460
25128 10167
28560 15795
23964 2766
10014 7386
15096 9144
23118 3738
543 2919
26877 1989
12213 5985
4035 15063
2607 5055
27291 23295
4212 21123
6246 2820
27861 14493
5139 21291
16998 23259
10668 16659
11082 6561
11832 8430
11733 12012
19239 18294
255 23703
1047 13440
3024 29838
4497 5550
357 26925
18363 9147
3609 12639
4119 22254
2373 858
23964 21045
2385 22863
28629 402
11838 12984
25143 19680
23688 26382
6963 7836
5448 18399
26991 27012
13092 21879
28920 99
4554 11889
9468 13569
11277 22296
10209 5889
24477 7272
22665 24279
14580 23691
11181 28584
14250 9156
8451 10200
4950 13161
13236 7962
23922 20052
18621 639
15087 3783
28557 2904
18870 3504
14505 11145
13134 7107
6354 11112
11679 5778
3096 201
12234 16074
402 26349
15945 26775
22740 6702
23181 7173
18168 2754
24594 21390
627 4806
5331 11142
16296 4971
21489 1797
8151 12411
13662 6315
27711 405
14310 23181
29406 22272
29349 20868
18300 3945
19059 15705
24693 330
8175 13767
16887 14802
24294 9915
18495 22737
17208 28377
23268 5793
192 21381
24177 8943
7800 26472
7680 4755
23994 15972
16710 90
8685 29454
15120 10116
240 27192
26859 29700
20007 13914
14451 6879
14352 14490
5094 216
17772 20616
531 5055
23886 123
27129 19965
27540 1260
9600 17034
23472 25407
2421 2412
23280 13923
24438 3801
5736 17235
27489 21252
5805 10803
4170 26862
20619 7068
9171 27459
11124 126
20790 19251
29379 2175
15744 10656
3450 3384
132 3525
5094 27507
19827 24126
24912 10107
8070 7338
12912 13227
20697 13989
18054 29853
24369 2829
18543 6051
5163 28938
25029 1395
8364 21666
17991 18150
26133 17226
19935 2670
7575 12390
12318 9672
27912 22680
2424 4536
2859 18354
25347 15615
8001 27945
26304 3789
19923 21345
4689 19527
1686 16773
17706 9612
17523 15780
17250 28344
3510 21846
21681 26265
5067 5208
16515 22380
3231 4869
28320 14283
28794 24492
26217 27936
20001 29115
23757 10782
19029 22386
23535 20355
6444 14124
17643 5412
22464 177
29193 21219
8952 4335
12114 25230
24174 8838
6957 29169
6333 26823
10464 18630
5979 26970
28122 18480
23163 2838
10680 19701
29823 11208
17451 14463
26232 28410
384 5040
20718 17025
5463 13206
7539 15543
4941 19461
19608 10149
15732 18351
20253 22329
384 10788
25977 13818
14958 26919
7965 22092
11001 8253
18681 26475
18240 19152
3711 9777
8526 8667
14655 204
8820 7218
11922 22284
17703 26172
21099 9594
19437 27921
2193 4518
1749 6186
28761 19857
13434 6000
12447 29211
9093 28062
5310 25350
28998 16497
3849 12636
10032 8685
5076 3789
8232 9222
20442 10707
18222 3093
