3000
239.94 188.64
242.22 203.4
128.46 9.57
262.62 276.12
101.58 2.55
121.95 95.16
175.92 75.87
23.91 114.33
79.14 268.89
183.36 22.29
95.34 255.66
148.98 81.45
216.84 196.68
58.23 166.05
37.47 182.55
43.56 71.04
99.99 194.04
244.29 161.1
71.67 240.54
61.5 70.41
99.93 202.2
56.28 153.39
17.19 154.17
66.18 198.45
156.48 277.77
226.41 219.96
113.04 178.08
260.49 208.95
119.4 72.24
118.17 38.52
61.2 168.6
26.13 42
276.78 292.32
23.34 237.81
75.87 100.26
51.99 173.1
59.13 94.98
70.74 111.36
172.77 117.18
34.41 61.11
262.62 57.54
286.08 298.2
46.95 63.03
36.15 224.49
166.74 118.62
180.12 276.42
75.78 276.6
296.67 2.85
3.48 29.7
37.53 70.92
274.8 269.19
238.62 197.55
18.78 6.09
16.83 143.52
97.08 231.96
291.75 58.74
40.23 26.13
69.81 65.25
35.04 42.21
175.65 24.15
233.4 26.01
219.39 216.63
114.63 33.45
87.99 68.97
98.25 63.48
92.67 22.56
210.75 164.31
49.98 22.56
237.39 107.61
76.65 83.07
204.15 268.38
223.56 180.96
282.99 14.31
164.85 3.3
274.8 101.01
234.69 120.33
144.87 180.57
25.02 3.9
155.37 268.86
138.03 104.34
47.22 247.05
108.39 145.77
53.4 256.29
285.96 60.24
24.42 48.87
80.04 220.17
201.45 66.81
37.41 133.83
203.49 197.97
123.12 170.16
91.17 129.27
208.23 7.86
111.63 62.7
233.7 41.64
235.26 50.88
257.91 289.17
72.45 261.9
251.94 235.35
248.88 103.29
85.71 55.92
108.3 175.26
136.71 203.7
72.87 55.23
214.05 271.83
165.27 198.18
127.29 46.71
151.56 119.55
179.61 231.78
129.12 231.81
178.98 290.25
284.91 216.45
47.1 137.01
213.03 185.61
204.39 160.05
102.93 266.19
10.56 103.44
51.54 60.3
137.91 139.53
78.78 247.26
205.53 116.58
16.95 281.1
90.72 189.54
116.85 51.93
122.1 185.55
277.74 226.44
175.95 18
128.37 223.83
144.24 26.76
126.96 223.8
194.43 296.43
14.64 227.28
211.98 229.95
18.48 190.47
5.67 175.26
73.08 178.08
254.04 272.22
208.95 208.89
123.54 29.07
7.44 226.14
180.48 229.95
205.89 13.17
136.56 34.86
115.38 68.01
261.06 270.75
240.27 27.3
181.53 245.79
276.57 254.7
278.82 178.86
175.5 146.49
241.83 149.31
269.1 2.43
6.99 242.19
242.85 254.88
117.54 20.64
88.05 163.41
89.55 91.11
163.89 37.71
220.38 24.75
239.91 63.63
197.64 297.45
163.86 108.99
155.85 283.47
40.83 137.91
124.02 176.01
256.89 71.13
229.8 108.06
90.6 162.66
17.13 146.19
55.98 271.53
161.25 93.45
32.04 170.73
55.47 194.55
270.06 56.94
183.84 179.43
38.52 129.81
276.36 17.88
276.72 177.75
4.32 43.44
69.84 69.18
214.77 297.51
248.01 120.18
66.81 5.64
3.9 220.74
210.3 203.4
85.83 73.26
207.9 1.47
223.2 159.45
40.5 216.06
127.71 57.63
81.9 215.49
141.21 39.24
109.53 259.29
59.73 153.66
295.53 82.74
68.67 228.24
8.49 67.89
53.07 143.64
97.71 4.08
119.64 26.25
134.55 49.23
222.78 119.7
190.53 6.54
255.63 277.74
280.17 96.81
108.06 103.92
115.41 140.34
171.42 184.38
81 65.28
61.8 218.85
211.77 68.04
69.72 265.47
250.86 61.95
261.33 87.51
264.21 256.23
257.1 182.25
243.27 18.51
91.2 232.53
123.75 195.3
249.12 227.25
281.22 94.32
67.38 272.79
100.8 86.25
29.07 45.09
113.67 244.92
233.67 217.59
166.11 288.99
31.02 233.85
160.65 219.93
213 108.99
72.63 56.73
262.92 111.57
145.95 28.41
134.37 278.52
219 128.34
133.86 80.19
289.68 182.46
80.82 86.43
217.32 259.35
56.64 154.92
103.62 257.46
260.28 173.19
168.36 93.99
237.87 90.96
28.05 249.3
233.28 78.21
43.02 57.18
43.26 124.53
191.34 63.33
63.57 3.57
252.39 90.99
33.39 228.51
224.64 51.36
174.48 95.16
125.88 7.56
23.97 84.03
35.28 261.54
179.25 237
226.95 188.43
52.17 30.9
33.3 205.95
49.29 76.59
126.18 50.97
214.68 2.01
216.45 73.11
141.12 264.66
196.8 59.49
47.85 285.57
10.53 256.62
25.62 128.34
284.13 252.72
194.37 290.07
249.21 215.19
228.48 222.63
30.12 36.36
178.26 18.39
278.85 79.11
73.11 64.47
3.69 256.23
36.33 227.58
31.47 190.02
248.22 131.82
272.76 134.91
119.82 267.45
260.04 4.11
47.25 277.38
114.42 241.5
239.7 50.46
108.18 258.78
98.55 288.69
113.76 75.78
64.92 254.85
55.5 257.28
67.89 47.4
204.66 231.12
160.71 123.3
185.73 13.47
134.1 3.21
131.58 109.14
136.32 43.8
109.92 265.08
86.46 78.9
218.88 245.31
293.19 130.02
97.26 299.91
197.28 89.79
227.55 52.56
69.45 195.21
127.23 28.47
98.61 292.95
172.14 9.51
150.84 179.91
199.98 91.41
232.86 22.11
55.26 281.94
292.92 288.81
151.26 61.05
126.27 231.48
81.33 9.51
30.63 30.3
23.7 77.73
85.2 174.84
202.83 220.35
193.59 181.92
280.11 113.79
15.3 47.82
279.72 165.21
12.18 192.72
85.02 4.98
163.65 127.77
273.45 177.9
46.47 196.35
131.37 95.97
183.69 278.91
282.24 170.37
4.2 6.42
184.89 298.53
39.99 122.64
150.63 57.63
281.55 277.17
222.63 299.94
219 52.83
248.85 247.74
243.75 110.58
73.86 168.72
96.66 253.77
95.67 212.4
279.51 13.8
19.77 273.09
60.72 243.99
66.87 39.78
59.64 1.02
232.56 51.03
41.25 106.23
212.88 233.79
71.01 13.68
102.3 223.77
46.62 78.84
131.55 180.57
37.89 36.03
187.89 228.63
37.83 46.53
30.03 108.81
50.97 59.16
59.07 212.01
78.24 60.69
294.18 69.66
19.08 276.39
8.58 106.35
287.46 177.66
12.93 126
93.09 111.69
289.05 4.56
152.1 107.79
176.7 261.03
63.54 225.09
38.52 31.77
27.3 263.76
264.45 98.16
164.13 287.13
63.27 231.69
291.21 276.03
136.86 236.76
198.09 182.43
43.11 185.88
194.22 268.08
54.15 2.34
38.43 194.13
91.86 244.02
125.34 166.8
114.81 145.2
149.07 270.54
225.54 239.88
190.05 176.07
34.5 102.51
13.95 39.81
36.51 284.4
73.47 65.07
132.3 42.57
71.85 288.6
239.4 193.35
296.01 219.84
104.4 172.65
8.07 254.55
158.97 111
107.19 79.05
256.2 80.07
150.24 52.56
204.84 81.84
270.06 165.36
23.49 85.59
56.67 13.02
237.18 70.83
249.9 231.12
114.66 262.53
125.85 251.97
289.08 48.87
12.27 54.24
128.4 203.76
28.65 190.98
160.89 22.86
23.46 12.72
92.76 3.45
148.41 205.02
254.61 168.87
45.3 275.49
128.43 85.11
74.13 22.14
130.89 175.89
147.3 7.38
82.71 213.84
88.17 266.19
239.88 154.86
213.48 271.68
38.61 138.12
288.09 87.09
290.34 30.24
101.97 264.27
213.24 61.02
35.31 98.37
275.25 145.59
112.62 212.52
277.11 46.53
175.56 253.2
88.38 115.92
77.46 204.3
149.01 104.61
97.29 212.52
278.79 247.14
189.03 83.82
211.98 41.28
82.95 14.25
279.21 283.17
4.53 26.04
37.05 6.3
196.2 73.71
6.33 5.01
36.96 27.51
128.01 40.23
95.7 279.69
185.73 74.58
3.12 145.38
239.91 50.73
268.17 74.82
298.02 160.83
296.22 81.24
22.44 154.38
20.22 31.23
81.69 47.97
45.78 118.62
48.3 234.6
92.76 108.66
226.68 107.4
151.17 167.58
187.26 44.37
113.7 294.87
172.17 283.95
105.99 265.2
63.33 242.07
92.25 41.55
246 130.38
160.44 133.68
240.54 192.6
0.24 82.56
225.03 190.26
140.52 124.62
27.87 15.09
229.17 168.45
54.27 95.37
273.09 91.11
257.82 111
134.31 179.4
102.18 226.29
218.82 194.43
207 227.16
237.45 237.69
76.41 189.63
92.04 21.96
52.53 78.9
282.99 151.23
207.9 175.14
39.39 188.82
87.33 190.92
237.06 154.92
278.49 10.92
222.48 35.4
224.31 33.96
89.55 133.71
169.41 83.34
176.19 208.83
223.35 145.44
65.16 41.88
99.06 222.66
103.2 222.99
207.39 160.98
38.73 105.96
102.06 83.94
261.03 201
202.92 280.83
107.55 40.47
212.67 295.41
287.1 66.03
168 114.93
54.12 45.72
189.81 219.18
280.8 29.28
78.51 210.27
113.16 103.38
246.03 245.07
157.26 141.78
118.8 260.58
163.44 102.99
67.56 97.41
209.04 147.03
247.71 260.64
25.2 117.15
24.6 123.51
239.67 261.42
201.06 212.58
296.04 123.03
118.47 248.07
20.22 21.75
152.43 293.76
295.8 107.97
71.7 256.65
219.39 45.51
214.23 24.18
214.26 69.12
71.52 112.53
55.02 6.99
42.42 230.91
234.12 64.62
155.13 52.23
20.91 94.32
166.2 144.21
293.85 94.65
49.74 132.87
83.94 48.3
6.63 124.92
120.87 112.11
169.5 5.64
39.72 163.32
268.8 206.04
57.09 250.8
35.49 208.8
272.49 240
38.46 283.02
105.69 232.98
150.45 271.92
256.53 33.42
153.99 101.19
268.53 258.48
0.15 286.62
295.62 182.07
299.4 157.59
55.59 25.74
72.24 73.5
219.51 86.52
171.36 268.38
268.14 282.09
237.15 15.9
86.04 201.15
118.02 250.23
220.05 92.1
212.88 255.24
74.07 292.62
285.57 16.47
34.62 50.7
208.53 21.66
14.67 292.29
136.74 70.44
77.7 295.53
51.78 241.17
78.81 51.51
58.5 181.17
117.06 33.57
193.35 111.93
222.09 56.82
277.02 39.66
201.54 299.31
166.95 174.33
52.2 230.82
195.9 197.07
283.05 127.26
152.88 32.85
217.65 76.32
21.51 216
7.38 72.57
251.4 5.82
88.74 39.81
263.55 288.36
133.11 46.47
77.16 25.38
209.07 235.35
75.99 66.21
34.14 31.71
59.49 134.55
88.47 69.09
67.65 257.76
98.22 180.72
50.37 48.24
50.88 10.53
21.06 88.59
292.29 27.72
21.45 247.08
122.34 45.87
218.46 209.52
138.9 32.52
15.99 200.88
292.53 144.21
89.25 269.7
195.18 170.76
159.51 40.56
114.42 207.51
280.26 155.13
257.97 191.13
40.47 112.26
143.88 16.47
16.68 156.48
239.52 85.32
0.57 277.8
137.61 141.51
18.03 187.29
233.55 189.3
161.31 231.66
87.72 219
21.87 63.81
104.55 200.76
109.2 62.58
63.63 274.32
11.7 85.71
182.7 75.27
18.75 17.73
278.97 143.85
54.15 112.68
115.68 23.4
283.53 110.22
43.59 111.39
221.67 39.99
192.66 69.63
235.92 161.19
93.09 257.37
75.69 20.88
192.63 110.37
22.05 54.93
88.47 159.84
2.88 121.74
3.21 37.32
52.2 224.82
189.51 155.25
159.15 158.07
80.91 124.44
70.41 238.98
268.2 251.46
219.54 42.93
202.23 12.18
101.79 132.27
176.94 236.1
68.04 53.37
183.15 208.02
118.65 3.39
75.39 16.44
176.25 109.38
209.82 1.23
180.87 258.96
210.78 24.54
138.99 267.45
22.62 39.72
200.55 192.03
73.47 270.6
32.55 296.16
290.85 126.15
277.11 3.96
24.6 260.01
179.19 32.37
159.39 189.6
273.96 127.14
78.93 41.67
51.12 185.7
203.25 44.52
201.03 95.97
112.17 287.61
80.79 74.37
53.85 275.85
152.34 113.58
274.14 5.82
95.34 124.59
80.46 291.3
168.33 200.88
57.24 13.05
20.07 119.91
98.07 287.73
36.03 278.55
289.38 12.09
77.49 229.47
260.73 149.19
80.25 277.02
15.78 76.44
70.2 269.28
264.12 25.29
143.55 196.35
85.2 105.42
273.24 43.92
286.53 240.99
272.04 14.76
213.24 124.26
183.27 85.77
35.43 288.51
292.17 192.45
248.1 132.42
269.97 110.4
201.96 16.89
276.24 159.63
243.96 17.13
38.82 1.41
170.31 50.94
97.08 17.25
57.48 164.46
213.24 260.85
184.05 245.19
56.13 285.87
183.69 67.8
41.19 290.76
118.11 48.69
134.91 2.97
181.41 103.38
240 288.99
174.09 185.97
135 17.67
271.86 148.83
216.87 159.93
248.82 203.31
75.09 101.61
9.72 155.37
225.15 206.82
58.32 178.41
161.67 287.7
76.83 13.8
113.88 20.31
252.3 261.63
79.08 243.63
183.63 219.9
63.72 150.66
83.79 282.27
41.7 141.27
125.58 121.86
48.18 9.72
52.56 135.6
112.89 8.07
11.82 146.55
100.44 204.12
171.21 100.89
34.95 210.09
2.82 209.73
269.1 50.88
154.5 108.21
12.57 181.23
51 189.93
96.96 271.65
114.12 2.19
220.77 269.07
82.38 65.58
290.52 255.66
93.87 222.42
200.16 294.66
186.36 251.49
44.31 16.8
27.15 277.35
78.48 125.28
290.7 66.9
188.4 166.68
283.86 72
45.57 81.96
47.76 66.51
94.29 69.9
258.66 178.77
135.78 40.86
172.23 71.4
66.15 278.34
229.5 124.23
216.63 118.71
256.2 245.85
158.73 82.95
140.91 143.07
100.02 38.82
20.58 56.82
100.98 193.71
92.97 75.06
159.57 11.31
223.11 30.84
89.97 20.43
53.46 164.73
155.64 293.97
242.22 275.91
277.23 298.29
24.84 222.81
47.37 236.94
79.95 250.29
244.29 231.36
20.7 219.06
46.5 221.64
23.52 147.18
132.81 114.96
44.73 8.13
60.12 217.23
111.21 143.16
149.04 122.97
128.01 34.2
22.35 183.84
58.41 260.82
24.51 277.83
189.51 19.71
233.55 56.34
284.22 264.6
298.32 249.69
51.3 164.79
221.07 111.93
149.55 184.59
191.52 38.16
144.69 183.48
7.14 114.78
231.21 125.79
118.17 119.07
22.29 98.01
166.2 63.51
237.81 3.75
271.59 87.15
158.85 153.09
121.68 149.28
163.71 116.7
131.94 82.5
159.96 42.42
32.1 179.31
33.66 143.82
164.52 195.87
291.84 116.04
233.64 67.62
70.17 129.18
123.81 207.18
101.79 169.68
173.67 187.17
199.38 293.58
263.64 104.22
295.44 182.55
97.41 287.52
81.03 196.59
104.01 16.05
1.32 201.63
10.26 60.72
78.75 44.82
103.92 77.64
278.55 42.27
294.93 289.59
100.23 99.84
23.22 110.58
76.35 101.13
153.51 257.43
130.08 298.29
42.69 180.96
204.54 70.38
85.65 176.1
151.62 173.28
220.95 110.64
106.5 111.78
225.36 175.44
172.77 3.51
175.56 248.64
256.71 84.27
185.46 142.95
278.37 195.45
55.11 60.42
98.37 147
53.64 293.28
135.75 47.82
32.31 211.08
118.68 232.56
16.56 219.45
174.12 144.03
86.04 251.28
166.14 46.71
120.39 59.01
71.67 130.05
192.93 231.03
105.66 51.78
288.06 257.28
46.65 69.69
55.14 278.64
296.73 32.46
127.23 29.97
139.35 0.39
119.01 79.11
196.02 89.43
93.39 21.3
299.97 85.02
67.23 147.84
64.32 82.95
209.67 29.49
133.26 164.52
0.3 54.84
13.29 41.94
275.58 244.5
131.97 21.33
272.67 46.05
10.71 153.3
0.63 202.14
199.68 193.14
270.84 177.45
22.05 64.14
224.73 101.76
31.68 17.64
263.16 267.06
44.64 284.61
163.65 38.16
283.35 58.17
155.64 174.81
111.84 171.66
126.21 115.83
12.39 177.39
4.74 83.28
222.15 24.96
205.41 60.75
26.58 25.35
52.71 123.3
58.83 50.34
241.35 263.28
73.59 8.37
152.28 134.52
78.06 186.33
175.05 218.64
149.76 24.39
47.7 53.67
76.11 111.39
123.39 281.97
284.76 77.73
212.97 35.91
140.25 50.4
295.44 156.15
148.8 224.52
11.1 207.81
93.93 146.25
30.24 158.58
181.17 2.7
111.66 249.66
278.1 242.43
109.77 37.95
294.3 238.62
129.81 127.89
291.3 285.27
140.61 186.81
297 239.58
38.97 191.19
16.8 103.14
180.72 21.03
12.12 114.06
72.3 29.91
76.23 35.73
0.57 5.82
28.74 74.37
115.11 119.73
268.71 294.72
87.96 45.42
297.69 21.42
152.16 192.81
2.13 204.84
222.78 56.7
215.91 127.02
71.88 10.32
213.9 242.43
76.5 238.35
98.25 45.54
110.34 47.31
97.17 290.28
183.81 122.55
7.77 93
167.22 276.81
116.31 38.7
36.99 206.76
42.57 72.39
195.6 283.68
146.76 218.37
4.83 134.25
159.33 181.38
248.61 145.41
36.3 182.97
171.18 73.5
156.9 115.71
29.91 57.66
7.74 51.84
233.64 293.46
179.4 139.5
3.24 43.86
80.85 172.47
272.4 286.98
128.7 236.25
205.68 11.46
222.87 227.7
276.15 78.42
30.06 257.04
236.73 7.23
16.11 208.14
224.55 8.13
105.69 217.29
200.4 283.44
69.24 282.09
76.83 134.79
122.01 90.75
206.16 234.75
149.64 232.62
48.99 284.4
8.64 102.81
24.72 261.06
55.5 205.23
133.11 30.57
198.9 36.42
200.64 146.58
144.87 205.89
186.45 106.32
247.32 154.2
154.02 88.89
53.46 47.25
111.54 230.01
15.81 251.76
272.67 122.01
235.5 75.39
260.79 79.74
235.11 207.06
42.69 191.25
212.28 143.01
177.42 65.37
55.53 147.15
169.44 89.97
173.76 0.75
95.01 65.46
286.32 43.29
21.6 195.24
123.84 233.1
26.07 227.97
125.97 206.67
30.24 35.16
144.81 176.67
224.04 36.15
130.59 196.92
163.38 36.54
37.23 237.66
116.01 139.83
57.63 195.87
285.87 120.81
181.23 4.86
127.62 282.24
95.22 78.75
213.78 82.38
222.09 79.14
113.85 10.83
68.79 267.66
70.95 128.55
94.26 233.88
294.15 283.92
34.68 14.55
155.16 271.35
184.89 105.36
12.03 227.34
13.92 51.3
40.41 47.34
88.29 132.96
134.76 135.78
97.68 1.65
105.81 70.23
215.43 12.27
290.73 26.19
196.32 26.04
66.69 247.32
226.14 47.04
148.8 101.85
205.89 298.08
283.26 128.94
169.2 32.94
67.8 100.59
35.07 10.29
154.29 185.67
9.48 287.4
221.28 55.47
253.11 13.26
3.69 137.46
247.68 179.16
11.58 188.88
294.72 18.21
71.01 278.52
27.15 220.74
287.97 119.01
253.68 13.89
77.49 199.47
80.7 77.73
190.89 148.62
233.58 248.79
262.47 25.77
252.69 58.02
299.1 53.04
171.99 78.87
110.25 170.52
189.93 113.94
70.65 79.11
152.07 59.61
117.24 182.94
26.46 262.26
284.64 29.85
172.59 107.28
164.52 131.76
37.17 233.79
45.09 176.79
290.04 4.83
30.6 133.32
285.36 120.42
68.49 22.65
149.76 107.01
109.89 212.85
55.83 187.47
67.32 276.51
241.41 176.88
103.41 129.36
129.75 183.36
17.13 62.13
175.92 151.8
135.63 31.71
82.11 48.66
199.41 172.89
136.08 227.55
189 114
285.33 71.64
185.85 8.7
49.86 153.09
266.82 266.64
52.56 24.09
91.11 93.93
3.78 192.63
258.24 194.31
53.1 15.45
52.11 243
211.17 33.93
161.91 46.89
152.37 40.56
79.08 224.01
222.15 79.11
247.89 298.32
273 211.41
195.87 238.02
37.65 183.78
26.91 24.9
63.69 52.71
269.04 143.61
165.18 57.69
241.14 196.14
89.07 77.55
163.23 15.87
227.64 17.4
113.07 15.81
295.23 281.19
148.47 267.51
266.7 49.89
98.94 241.53
296.13 144
216.42 136.74
63.45 44.76
15.84 154.59
249.3 71.01
68.94 20.19
36.57 35.82
125.31 110.1
72.78 25.2
212.52 206.58
176.67 78.99
55.56 284.76
17.49 178.98
60.33 123.15
73.23 292.23
130.8 89.82
28.08 10.32
70.59 264.33
28.62 92.91
40.86 81.39
62.88 298.11
279.3 68.58
296.91 251.1
231.66 36.27
166.71 184.59
201.18 74.28
43.59 240.48
252.69 207.9
85.44 29.82
123.54 176.16
213.15 103.68
79.65 280.17
69.57 270.84
154.65 79.53
53.43 98.07
23.01 204.93
51.45 206.7
129.39 299.07
44.04 74.46
94.83 199.53
292.89 1.56
269.58 260.46
115.65 185.82
283.23 30.3
92.82 66.33
103.11 195.9
59.79 243.84
12.45 8.43
97.83 7.65
53.16 206.64
209.1 258.21
163.2 232.62
4.53 106.2
86.1 138.33
209.91 71.16
14.07 81.75
266.7 26.4
263.43 222.96
299.07 110.13
171.93 255.66
75.87 74.61
235.47 0.15
54.57 234.39
109.95 127.23
149.52 122.4
89.85 220.14
51.9 216.51
277.83 79.77
38.94 159.51
289.29 146.22
145.26 219.3
185.49 240.42
263.13 229.14
84.54 252.93
17.1 138.42
25.08 210.84
98.13 211.41
47.07 23.13
206.82 159.09
200.55 197.19
154.83 170.34
210.75 93.81
256.98 12.03
80.07 86.43
197.19 83.22
35.04 248.16
51.99 191.31
69.81 190.02
50.61 50.37
157.02 89.91
28.86 173.07
62.79 215.28
148.83 270.09
269.7 32.25
144.78 146.79
60.3 203.64
20.43 77.34
34.95 200.91
116.52 195.12
79.95 283.56
166.08 181.41
290.82 2.79
216.84 272.55
7.56 252.9
190.92 118.11
61.11 223.83
227.55 46.26
152.82 11.43
27.57 31.53
57.33 60.42
47.73 71.55
45.15 39.78
229.38 5.88
86.85 30.96
258.66 212.07
52.08 93
158.01 94.77
197.19 268.05
245.55 59.58
120.9 276.15
22.44 46.23
148.38 43.8
42.21 101.46
276.66 34.41
110.43 196.26
37.11 290.7
179.94 286.35
209.55 106.68
175.26 22.92
296.19 155.82
62.49 20.46
18.81 261.42
112.77 0.72
233.88 201.36
294.81 11.01
45.78 14.73
142.95 86.94
60.51 21.48
219.03 44.19
229.62 142.38
150 252.42
190.53 271.71
290.55 206.34
70.89 279.27
294.12 164.19
265.71 263.79
109.02 273.75
199.26 160.23
112.62 64.08
69 93.33
89.31 298.47
48.84 197.55
143.79 161.34
44.49 178.68
56.91 142.05
188.55 69.21
9.18 7.71
6.18 85.29
130.71 57.81
45.06 174.27
149.37 120.87
203.49 276.39
30.39 253.65
77.16 217.83
133.38 3.36
160.68 283.11
38.79 270.84
210.45 95.22
109.65 11.85
103.44 202.68
255 24.72
227.16 5.67
293.55 74.4
177.9 295.65
85.62 163.14
10.89 299.28
213.15 69.78
73.8 80.52
277.53 237.84
16.14 221.37
261.15 156.72
21.51 276.99
88.74 273
175.68 169.26
101.73 134.58
111.81 14.07
65.25 266.97
149.82 267.36
2.01 101.34
204.78 117.27
76.35 206.67
228.78 86.73
218.79 175.35
229.2 96.48
269.4 115.2
161.37 31.86
124.71 249.84
171.06 63.69
84.84 11.91
3.3 105.99
157.71 145.29
134.19 15.78
190.56 205.71
8.64 94.71
43.98 57.15
159.09 13.11
141 0.99
89.82 242.91
42.21 238.59
12.3 243.84
192.96 253.65
171.81 101.22
146.16 78.93
17.28 248.28
8.61 139.65
82.86 265.68
291.72 30.3
157.38 27.09
1.95 122.94
52.5 85.05
137.43 197.85
118.32 296.4
70.59 220.74
164.97 15.93
218.85 48.12
137.1 241.59
20.13 166.2
37.2 240.12
41.16 276.93
7.29 201.18
9.57 153.39
151.53 233.34
194.46 146.46
173.43 266.67
289.2 96.66
11.85 111.42
78.57 167.1
299.22 262.71
290.1 219.6
123.81 10.8
28.47 12.15
90.78 124.95
107.79 144.96
77.88 33.06
267.84 213.3
127.38 43.17
22.2 29.4
226.38 101.88
266.97 104.28
230.58 203.37
76.29 199.11
30.93 69.9
55.38 11.16
240.72 40.92
26.55 79.41
215.61 108.24
42.51 226.41
265.65 28.65
297.78 10.17
128.01 172.53
28.68 62.07
69.18 211.29
232.02 6
23.01 255.03
69.75 50.91
82.38 254.55
22.92 298.5
150.84 249.24
200.07 146.94
137.97 25.35
257.91 144.06
37.5 128.97
10.65 123.33
127.32 186.6
216.9 144.15
103.38 141.72
168.72 182.97
14.34 291.03
143.43 15.75
136.83 218.31
39.87 203.97
55.47 253.92
6.03 225.18
277.17 195.09
187.44 78.81
274.41 243.63
81.03 36.54
251.1 235.5
208.17 188.91
295.65 166.14
259.98 208.26
199.59 65.73
9.48 74.22
15.93 18.15
28.86 138.09
44.91 274.2
207.81 34.74
264.78 185.37
38.31 237.63
263.37 44.04
102.69 13.95
6.57 222.72
260.85 107.97
297.93 198.12
286.83 296.64
214.56 16.92
6.72 291.99
259.89 143.49
48.96 236.64
266.16 44.73
245.61 229.71
187.14 63.93
280.53 285.12
64.5 81.3
0.48 90.33
242.58 274.38
90.54 280.86
113.28 22.8
230.22 71.55
167.22 161.1
8.82 122.82
182.4 187.98
238.83 63.96
158.28 15.75
295.56 41.73
30.42 171.36
36.06 160.32
102.03 68.67
241.5 133.53
281.88 124.35
24.3 132
212.64 72.27
189.15 193.89
95.55 52.65
23.94 36.48
95.85 227.34
95.76 65.07
87.57 78.63
272.1 137.79
16.5 80.13
134.16 214.47
162.39 182.73
176.55 227.76
124.83 262.26
50.58 112.08
115.59 79.59
243.45 124.29
202.14 280.83
196.23 171.84
59.73 188.16
144.81 189.21
134.43 56.82
45.87 106.86
289.8 119.64
75.03 272.31
69.9 93.12
292.2 133.5
154.92 212.04
213.3 174.99
21.57 41.61
295.11 140.37
237.36 111.39
110.49 174.06
270.36 35.85
236.76 187.11
2.19 53.76
280.59 129.21
64.35 251.22
67.65 53.07
222 125.97
116.4 105.33
201.69 267.99
24.48 148.08
157.05 108.84
192.57 140.97
188.97 179.25
70.95 240.72
124.26 17.46
95.1 216.21
207.27 79.14
61.41 148.71
7.68 240.99
204 18
131.58 286.08
46.2 111.3
56.22 178.05
100.74 219.87
274.77 176.88
62.31 243.99
23.13 38.94
79.62 92.79
71.4 187.74
1.44 39.93
209.49 294.81
285.84 281.73
216.66 128.25
48.21 119.34
0.09 190.02
72.75 145.26
261.99 61.86
9.06 93.6
269.85 155.61
283.62 43.95
67.62 148.8
79.47 94.65
129.72 101.46
224.58 42.72
43.98 221.43
86.31 218.37
31.5 122.88
39.27 229.71
149.94 191.52
34.62 149.1
259.53 91.08
78.54 162.75
29.07 203.76
94.29 214.83
62.46 171.69
156.54 167.76
21.63 37.59
160.26 76.08
226.5 227.07
28.62 99.03
295.65 259.41
1.77 276.18
84.96 114.39
296.94 264.45
106.26 185.25
134.67 7.86
37.44 16.95
82.92 284.28
71.01 293.88
33.3 211.17
106.8 138.69
11.07 160.5
225.84 38.88
282.3 85.83
151.41 30.51
228.84 64.11
62.88 54.72
0.6 0.9
269.76 81.45
285.27 3.09
164.55 99.6
55.83 52.95
192.27 56.64
64.56 85.83
22.77 173.16
217.05 221.61
263.91 234.48
274.65 19.53
116.94 71.28
182.85 124.11
98.7 75.15
179.37 187.41
279.12 85.23
228.93 233.76
242.01 18.51
215.76 40.14
185.4 266.43
165.03 61.47
170.85 181.59
170.04 88.38
66.96 56.37
29.94 155.67
150.96 21.03
42.72 221.25
62.4 146.07
175.56 178.74
101.67 91.38
270.21 278.58
76.2 219.63
292.44 252.57
180 70.29
167.79 0
60.09 25.56
39.6 14.88
25.23 130.47
298.86 258.12
283.05 66.18
115.89 76.44
124.38 91.89
212.64 170.19
26.43 48.48
167.52 174.06
282 241.26
25.44 160.23
232.05 234.48
290.25 5.79
267.36 263.94
5.82 18.27
259.71 207.6
50.4 214.44
214.56 73.41
250.56 57.21
149.01 150
29.22 34.62
28.86 290.79
298.89 49.98
54.9 237.57
259.35 105.06
134.55 70.92
88.02 0.15
23.01 31.14
131.88 112.32
277.77 208.95
196.11 109.59
136.98 51.06
276.84 131.85
252.33 30.81
177.6 58.98
188.79 246.15
283.77 183.51
282.27 43.89
85.71 89.34
90.42 14.31
11.1 120.3
276.27 158.04
151.95 228.18
39.24 18.84
252.45 10.83
156.24 182.04
39.12 116.73
58.41 202.23
59.64 75.54
142.17 205.5
49.44 32.85
241.8 117.75
86.82 280.98
24.66 210.63
157.5 179.07
23.34 4.29
159.33 4.98
46.5 30.57
130.14 202.32
1.68 163.71
214.44 244.44
120.96 291.48
254.1 61.59
38.16 15.27
82.08 41.4
276 50.46
271.5 259.32
127.35 284.91
39.09 21.51
118.38 32.88
34.53 255.09
157.74 90.21
51 48.75
206.76 132.72
269.49 276.57
127.92 90.63
22.89 258.99
95.34 112.65
62.25 228.03
70.23 35.22
20.88 262.05
284.91 184.26
0.15 131.94
295.41 243.36
283.86 153.18
64.92 51.81
4.98 49.29
228.39 196.44
292.59 127.11
74.73 274.2
52.83 33.06
34.29 15.39
10.23 4.8
225.09 3.48
1.86 45.09
147.12 165.87
212.28 223.59
73.17 124.65
276.75 238.47
243.69 28.86
91.8 160.68
188.07 58.86
225.15 187.86
51.72 238.29
184.02 153.84
7.26 114.87
280.11 299.1
82.86 61.56
51.36 51.84
245.94 121.08
230.19 270.03
158.28 33.99
202.92 82.77
16.35 222.81
210.66 279.6
17.55 152.88
159.09 33.24
50.79 110.94
36.18 192.99
190.02 38.82
201.69 11.61
232.59 97.11
3.99 114.93
168.36 260.61
297.78 57.66
148.08 39.03
6.33 89.94
23.73 42.09
198.96 149.91
246.24 246.15
30.12 167.31
159.12 166.83
226.35 296.7
255.21 64.26
64.29 148.83
4.2 12.09
281.52 221.46
186.03 245.64
277.41 15.03
31.29 34.8
245.19 82.5
111.72 247.14
123.48 269.19
77.34 283.5
216.96 71.97
50.73 10.62
131.37 209.46
258.27 263.91
176.64 296.58
208.8 8.34
120.54 267.87
85.83 230.82
169.86 207.12
74.22 52.32
22.95 29.88
176.85 214.35
81.09 225
105.45 217.68
10.71 85.17
134.52 25.5
199.11 83.4
6.09 216.24
44.73 25.2
18.57 245.19
86.58 182.88
275.13 49.05
184.11 124.56
189.42 24.66
189.45 62.97
76.89 40.65
80.43 18.09
240.99 171.18
154.14 86.52
70.95 39.15
114.12 226.44
207.51 294.09
31.83 138.42
61.65 111.66
253.32 229.65
125.25 285.6
92.19 42.24
223.11 257.64
152.97 72.39
284.97 48.09
39.6 253.83
79.11 35.19
91.5 17.4
107.31 34.11
221.76 105.03
38.19 199.53
198.78 60.6
39.33 255.3
261.18 95.61
255.12 161.67
74.37 66.09
126.36 218.82
56.97 31.83
94.71 255.63
259.17 210.03
239.25 129.51
296.1 64.29
188.13 158.04
165.84 193.59
156.18 273.84
202.56 23.04
10.32 220.02
31.65 34.26
3.57 150.78
75.66 299.4
80.34 247.53
26.94 73.77
251.61 252.48
69.93 28.56
20.28 13.05
136.77 81.24
115.86 273.03
11.13 183.39
101.34 215.58
32.01 208.53
115.71 151.86
23.79 119.67
78.75 104.19
13.8 122.28
121.68 79.17
108.21 232.56
70.32 266.73
198.18 186.24
244.44 285.03
30.51 196.83
103.26 84.03
187.74 91.86
276.99 122.7
64.35 119.85
70.47 113.46
52.62 152.19
44.67 37.56
23.19 227.64
8.07 255
165.09 44.52
145.68 180.9
17.25 80.67
163.41 299.19
77.16 50.01
178.98 39.75
31.59 254.64
18.42 254.25
132.96 9.81
247.68 47.4
227.01 52.92
20.43 105.87
292.29 76.71
32.61 291.15
131.85 250.23
168.09 25.65
73.5 299.97
24.45 70.26
5.64 99.75
54.06 58.14
3.9 39.63
160.14 181.68
142.53 73.59
230.67 159.63
244.35 248.1
151.5 157.77
48.6 15.54
15.3 131.07
217.47 296.19
33.69 31.59
40.41 110.4
250.92 100.89
177.93 232.71
171.54 169.41
67.83 99.54
42.06 39.15
20.46 108.87
23.49 198.93
275.25 61.89
10.14 135.48
61.83 198.84
91.92 204.48
204.3 194.13
207.45 175.95
145.71 52.98
147.96 34.8
149.91 18.6
221.76 32.61
153.24 48.87
48.15 42.27
276.54 43.26
100.26 237.18
36.81 122.58
152.34 272.19
285.99 232.29
49.26 16.41
27.24 282.27
203.1 113.85
145.68 245.76
39.39 160.5
179.43 102.36
7.98 167.61
20.91 255.9
51.06 72.09
225.24 133.71
78.33 226.71
113.13 47.82
289.89 197.46
181.8 258.57
226.74 139.17
39.63 100.23
196.56 36.45
284.37 280.71
100.77 269.1
34.74 64.08
158.85 104.22
123.06 210.81
292.26 172.47
173.52 223.02
14.58 269.97
187.74 266.61
1.71 268.38
69.33 217.59
211.35 30.6
18.45 5.91
91.44 45.36
162.33 68.67
222.87 62.82
111 155.52
280.53 195.33
9.96 296.43
101.94 125.88
249 189.93
177.84 31.89
38.16 74.28
144.27 42.36
53.52 240
220.74 137.79
147.36 76.71
38.13 246.6
94.65 15.72
4.89 144.12
88.89 177.21
204.27 145.26
203.88 296.19
202.65 174.51
269.34 77.55
111.75 277.56
97.68 164.25
238.53 70.05
55.74 85.41
228.21 289.5
3.27 274.44
19.53 13.23
58.02 119.76
198.18 5.7
277.2 135.12
256.32 30.57
181.5 235.98
106.89 132.81
10.8 71.31
124.17 147.39
4.32 278.94
2.79 276.81
194.4 252.6
261.96 2.13
75.81 284.07
59.76 160.05
168.75 169.53
162 229.98
56.37 178.05
26.43 150.57
83.94 122.43
182.61 56.82
178.74 125.76
151.29 190.77
98.34 177.6
166.74 128.55
99.78 208.62
162.66 74.4
83.46 286.74
117.3 268.05
192.15 53.16
37.5 19.11
83.64 153
293.64 99
157.08 287.34
146.19 206.22
17.67 214.98
134.37 16.68
261.84 46.89
148.14 117.84
84.24 207.78
265.83 257.49
217.08 62.19
167.25 20.49
243.12 92.67
253.62 181.59
41.22 78.39
150.24 31.05
183.54 31.68
173.73 288.24
51.27 286.11
119.91 147.96
66.15 95.31
192.99 294.87
39.39 270.36
130.32 278.1
271.08 265.77
4.53 281.49
77.13 188.91
165.6 181.59
170.64 109.35
84.6 298.41
269.76 216
174.96 127.47
172.05 174.45
58.41 7.35
6.54 217.29
32.34 133.44
2.1 7.92
4.44 67.02
296.4 154.62
135.96 68.85
146.52 251.49
62.79 21.72
194.19 57.6
12.06 206.55
297.24 3.87
37.65 48.03
167.19 175.8
27.93 154.56
3.81 261.39
202.23 122.97
100.92 226.62
241.29 119.7
66.24 242.52
177.63 50.46
77.4 60.93
259.41 269.91
183.09 109.95
85.17 241.14
76.08 158.64
0.15 277.53
73.14 5.49
104.88 101.67
250.17 121.29
64.56 25.65
152.37 68.58
239.73 260.49
171.87 147.24
292.95 80.1
201.21 67.8
119.97 53.43
203.49 37.95
0.27 94.29
38.28 297.42
129.96 193.59
23.94 51.09
262.56 76.08
233.43 88.47
258.18 4.59
195 69.45
45.57 136.53
59.19 234.18
53.07 36.12
33.45 182.94
172.68 4.35
217.68 214.62
252.69 258.09
106.08 204.99
31.23 137.46
54.63 217.02
203.19 240.78
264.63 149.46
254.28 66.09
264.27 106.2
34.11 26.79
37.41 190.95
221.82 299.22
150.78 24.48
238.17 40.02
76.08 174.09
5.01 64.5
11.19 207.96
293.79 122.31
176.13 17.97
130.29 28.11
225.63 32.19
41.55 52.2
69.21 237
252.51 44.76
170.7 40.17
283.05 129.09
140.52 43.95
32.34 125.22
38.61 84.87
55.56 4.14
117.66 114.75
136.77 65.91
245.4 19.77
42.84 26.97
98.01 152.49
80.76 43.44
246.72 136.26
261.63 105.21
134.46 218.49
73.62 208.65
291.84 51
2.94 97.23
110.01 23.25
121.62 59.25
185.1 288.87
162.6 85.17
284.64 152.46
153.93 296.37
85.77 82.29
96.27 228.57
215.7 122.55
156 61.8
115.26 233.85
195.48 185.01
284.43 18.27
190.17 253.71
202.65 261.27
22.5 7.74
45 243.3
124.08 294.45
288.63 6
181.32 79.83
47.79 205.44
81.72 76.89
65.88 74.64
181.17 74.61
0.45 227.88
117.66 176.01
162.69 208.5
55.05 67.71
102.69 14.37
263.07 192.15
112.17 21.84
1.2 62.01
238.05 40.08
62.52 274.32
164.58 233.94
147.48 43.59
137.49 45.39
167.55 193.95
121.11 270.15
189.33 269.46
49.17 155.82
166.65 29.25
39.33 288.96
82.95 254.19
266.34 55.35
9.36 135.6
231.36 145.53
95.28 235.26
58.2 52.17
232.89 58.62
64.29 132.42
210.57 22.74
143.55 280.74
64.17 84.3
221.04 221.28
292.32 193.2
86.04 47.19
126.06 180.96
80.49 66.03
252.57 253.11
11.91 60.33
51.33 294.96
256.14 124.26
242.55 161.55
217.05 222.72
119.43 272.49
107.01 23.31
84.78 54.48
66.21 7.38
214.38 50.07
171 125.49
60.33 282.9
277.89 113.43
92.16 172.95
272.43 292.59
101.91 247.17
52.44 268.08
1.41 214.53
50.46 95.13
194.64 14.88
170.52 80.61
245.55 191.43
63.06 56.61
198 134.73
265.23 274.89
32.31 26.7
27.39 59.37
26.37 117.33
1.92 68.76
32.55 246.42
3.42 49.65
265.74 77.7
145.29 4.98
160.32 220.95
80.1 240.24
116.88 227.94
117.12 10.05
73.92 39.33
4.68 95.28
25.86 116.4
10.77 52.41
105.27 265.95
231.57 144.6
288.15 249.24
111.84 48.75
104.88 192.81
29.73 14.28
209.58 43.05
56.46 33.93
234.03 140.19
78.93 20.85
122.34 107.37
148.71 147.18
23.31 107.34
6 213.48
223.8 143.22
132.51 179.73
125.79 2.01
109.83 247.95
74.07 73.05
20.79 291.69
255.15 152.07
292.5 91.68
163.65 183.24
45.39 288.48
118.62 31.53
248.82 9.3
54.75 201.57
116.76 149.46
217.83 268.95
9.24 230.46
245.79 234.66
236.64 201.09
225.66 68.37
56.55 198.36
60.18 40.26
235.44 40.41
268.62 197.37
51.87 66.09
254.82 229.29
98.91 255.75
98.52 136.65
110.43 107.91
171.66 232.89
200.1 128.04
186.84 280.08
290.64 278.52
42.63 50.1
39.66 146.49
75.81 248.82
84.93 86.73
2.43 44.07
172.86 57.39
286.56 35.19
268.02 232.95
257.82 203.04
129.36 176.43
214.29 113.55
201.66 79.38
212.16 131.46
120.03 213.72
32.79 46.89
279.18 101.04
195.87 273.84
83.76 33.42
86.43 75.57
242.19 49.17
38.31 185.46
75.66 192.63
155.7 237.48
71.01 0.63
277.95 251.1
76.53 227.94
128.7 236.58
130.08 50.16
278.31 252.24
174.45 141.75
297.36 41.01
254.97 86.61
117.75 131.88
255.45 250.02
72.93 214.14
194.52 100.8
119.13 256.41
130.77 15.78
244.83 192.45
290.97 105.75
234.33 44.91
22.77 192.06
26.82 62.46
3.42 7.02
36.66 41.1
171.57 50.19
193.62 67.29
283.05 36.75
68.16 290.19
283.71 137.91
289.98 63.33
159.12 84.9
9.93 173.64
150.81 67.14
296.04 121.62
227.79 129.93
210.75 12.87
243.78 36.42
149.82 281.13
148.38 249.75
218.55 268.62
196.11 281.46
241.65 246.96
79.5 47.19
120.81 7.41
91.05 41.52
231.42 270.45
55.14 23.76
157.32 144.69
141.75 57.45
139.59 294.99
64.65 50.88
187.77 25.17
225.78 67.02
227.25 48.09
76.53 223.23
118.14 196.41
92.28 214.71
15.9 149.64
96.27 9.72
80.1 148.26
176.46 43.62
213.3 49.95
269.64 67.92
170.82 68.1
136.95 151.14
261.96 149.79
254.4 140.52
93.6 76.71
197.43 92.58
178.68 85.95
67.47 17.46
94.2 276.78
197.82 282.66
97.92 229.23
219.3 78.21
215.04 170.1
32.31 29.79
7.89 81.75
291.69 163.8
41.58 101.04
178.38 149.25
171.93 205.59
84 83.7
104.19 19.5
63.99 75.39
95.1 265.86
185.76 201.45
70.2 20.91
143.82 171.63
40.59 171.09
36.57 100.68
174.51 70.32
27.45 256.05
75.72 245.16
161.4 169.11
257.52 40.74
252.42 223.35
117.33 181.38
208.41 210.48
75.27 130.17
274.95 48.39
123.63 9.15
280.92 55.5
32.46 162.93
3.96 21.51
269.88 27.72
37.86 72.09
72.06 21.96
290.34 232.14
33.54 186.63
220.71 254.46
188.13 243.09
187.92 15.66
268.38 195.45
218.43 78.96
161.19 293.34
171.51 31.92
167.52 202.62
70.47 155.79
48.87 29.67
96.24 259.77
17.07 34.14
147.15 64.74
134.97 138
76.71 138.24
154.2 67.2
296.64 284.79
82.8 237.93
7.2 171
34.44 299.4
121.98 26.37
196.08 135.3
156.12 232.17
135.36 166.35
90.81 140.67
218.07 221.82
64.26 133.56
235.71 224.64
290.25 246.81
155.13 273.3
150.96 174.3
281.97 249.06
1.08 220.92
55.5 196.86
9.09 255.72
30.15 44.19
62.85 135.03
261.81 122.4
256.92 76.71
157.92 219.81
12.45 76.59
235.53 214.02
262.02 243.54
135.48 132.93
94.89 231.72
204.33 190.47
238.77 227.73
151.17 25.86
180.03 68.91
34.02 148.47
2.73 155.82
243.24 146.25
218.82 66.27
87.9 79.65
12.36 129.84
122.19 181.77
107.73 75.21
44.37 122.67
203.07 277.95
265.23 125.94
256.89 111.81
218.94 26.1
208.38 39.63
184.41 41.52
15.3 179.82
59.88 163.05
239.91 127.83
66.75 106.11
3.6 209.67
117.6 122.97
137.4 75.42
220.38 104.31
134.04 177.99
52.32 272.04
194.31 78.69
279.15 153.03
223.02 107.67
166.11 175.44
204.51 21.54
177.45 222.36
56.79 183.81
39.21 1.8
48.87 281.97
15.99 238.89
148.02 233.73
7.98 142.2
123.48 18.87
100.92 221.94
233.73 286.83
47.01 77.22
136.17 107.22
53.61 96.87
175.92 101.91
43.65 290.73
48.36 87.81
97.47 211.05
205.35 56.22
125.85 150.75
202.2 64.98
279.36 160.86
18.66 235.2
180.69 202.89
38.55 168.21
17.49 51.51
200.1 16.47
280.68 61.17
288.6 212.61
255.12 105.48
249.27 22.35
263.19 149.01
271.53 274.2
18.54 49.56
197.7 34.38
236.55 186.75
64.08 111.21
16.59 2.79
50.22 106.8
271.2 10.53
226.95 202.08
196.86 77.1
45.45 143.82
2.34 54.72
204.9 97.5
4.53 177.27
144.75 192.69
200.97 35.19
182.1 119.19
269.31 13.2
21.6 100.74
69.63 194.52
60.09 174.66
77.55 179.64
28.32 252.45
162.6 295.47
160.47 169.74
137.19 148.26
249.96 156.93
42.63 13.44
231.93 1.17
195.87 275.91
165.96 247.92
113.04 58.92
130.74 48.75
168.36 42.66
215.88 282.93
254.1 166.65
241.29 213.81
117.33 254.88
40.62 55.08
151.8 29.73
136.47 273.93
126.75 130.8
261.93 239.94
229.02 49.89
259.02 67.38
62.34 215.46
184.5 219
37.11 103.8
278.43 42.54
22.65 11.94
38.16 187.59
249.75 3.51
169.26 206.79
96.36 25.2
176.61 276.75
266.4 142.41
45.78 54.15
159.06 72.96
48.45 238.95
36.63 69.3
285.9 25.62
259.35 75.33
290.88 48.09
207.63 261.3
79.71 233.7
29.25 194.4
248.07 283.41
13.14 113.34
281.97 202.38
248.13 203.64
93.78 7.56
264.69 104.31
272.58 20.34
232.89 173.25
293.76 211.35
37.35 82.92
205.83 109.95
247.65 251.28
92.64 290.28
123.75 64.59
248.52 92.1
39.6 62.79
139.29 184.29
265.44 78.33
10.86 185.88
128.43 185.67
0.75 182.82
152.67 60.09
194.61 153.09
20.19 295.56
17.91 10.5
67.77 60.75
54.54 190.95
61.05 172.38
233.25 294.99
81.36 20.79
192.36 275.07
95.19 6.12
290.49 149.13
258.57 256.29
212.94 130.2
198.3 283.02
107.97 116.85
267.09 196.29
149.04 152.61
15.12 154.05
209.04 217.92
295.14 97.59
278.19 126.81
38.7 50.04
24.18 107.52
241.05 244.89
195.09 176.67
242.85 129.75
299.13 99
258.24 262.02
106.59 244.86
74.91 223.77
244.8 69.06
241.47 173.31
149.52 6.72
34.05 111.36
140.16 11.1
17.49 145.23
99.42 95.34
141.93 195.06
227.85 118.38
60.18 159.66
217.17 244.44
68.55 204.51
13.83 217.02
94.77 1.2
118.74 292.95
114.66 218.4
57.72 261.03
90.93 76.29
103.23 239.76
115.62 297.36
235.35 278.82
146.55 114.12
217.35 45
5.25 34.59
25.68 80.13
143.76 129.66
195.45 13.56
197.52 151.41
268.05 48.39
261.33 238.26
20.67 108.21
162.33 193.74
12.09 193.26
110.37 115.29
110.7 246.72
54.66 207.3
154.53 205.74
124.83 154.77
24.54 77.73
34.5 212.04
266.97 7.38
227.58 159.48
177.21 21.81
60.21 290.85
97.29 166.47
266.67 94.53
26.22 60.9
35.67 9.84
58.23 260.58
76.44 57.24
32.01 93.12
251.25 252.81
274.77 87.81
159.45 293.31
256.11 66.12
142.53 53.25
86.1 42.99
295.05 212.37
52.29 111.54
43.29 8.7
71.04 257.55
199.32 233.16
25.74 208.89
291.81 92.25
97.53 270.75
45.48 10.89
3.69 247.2
44.64 261.78
291.93 233.91
54.3 29.82
91.5 202.41
279.66 17.37
68.4 208.74
226.44 159.45
120.9 61.68
238.68 257.97
211.59 2.22
95.55 191.16
19.89 29.7
159.09 199.71
250.17 76.62
155.49 75.81
272.76 181.68
30.3 244.53
203.88 47.13
77.97 55.26
135.75 66.36
120.27 62.85
35.07 188.58
66.6 28.8
59.82 104.85
111.39 157.14
141.48 160.08
105.36 64.29
68.94 271.41
172.95 273.48
287.46 176.25
58.26 176.4
245.67 122.85
291.99 144.66
42.57 143.61
261.87 202.38
287.34 208.29
109.95 30.57
58.35 94.59
274.2 107.25
205.29 27.15
114.78 41.04
219 252.81
26.4 271.35
126.57 252.63
223.26 105
282.63 212.7
202.35 227.94
205.41 16.74
286.53 5.16
141.78 150.57
169.95 77.79
255.18 81.21
150.63 211.65
161.52 134.85
221.61 155.49
103.89 202.29
75.39 43.77
287.43 64.17
287.07 40.77
206.01 128.67
6.9 217.17
259.86 8.16
0.93 53.58
245.28 13.83
159.21 268.32
20.34 91.32
195.06 229.89
107.61 159.63
66.33 45.72
120.66 128.61
262.86 59.07
261.81 206.67
290.97 232.86
224.13 23.01
63.48 207
47.76 125.4
292.08 134.13
79.29 29.91
14.91 201.21
218.19 284.28
28.29 275.82
182.04 200.34
45.63 164.07
272.61 203.79
203.37 22.59
128.97 74.22
131.79 294.33
178.65 121.17
49.53 41.1
42.3 220.32
11.55 63.24
1.08 22.17
20.19 194.52
18.06 24.27
18.93 175.74
253.5 85.77
234.36 285.69
98.61 125.04
9.9 27.42
5.4 12.33
64.26 131.49
81.57 149.07
26.85 262.53
230.49 263.28
61.17 34.71
89.22 275.25
51.81 227.52
276.39 135.15
237.84 204.12
189.27 31.77
67.41 40.71
157.08 195.63
6.27 272.22
226.74 107.16
23.76 174.9
120.84 252.69
56.76 160.95
92.46 141.66
260.31 255.75
86.88 287.22
224.37 196.14
114.12 119.79
52.53 191.73
109.83 250.95
113.94 68.19
140.01 239.91
47.4 150.66
62.07 261.81
263.01 9.09
208.17 184.32
53.85 52.38
293.22 213.72
44.76 215.85
175.8 236.55
275.1 173.85
76.8 51.57
110.76 173.31
168.06 197.31
295.71 38.67
130.89 143.7
290.46 257.34
236.25 13.35
291.72 250.95
110.37 2.79
128.79 52.38
69.51 139.35
97.59 213.51
7.23 104.01
197.49 66.51
98.55 146.52
61.89 41.61
122.79 117.72
114.18 64.41
253.23 13.14
194.04 192.93
262.5 290.31
297.75 109.44
112.05 12.84
14.88 211.68
88.08 190.65
233.16 291.48
222.36 17.13
182.97 219.81
224.13 119.67
57.24 67.44
95.7 146.31
242.01 40.71
40.71 134.55
250.68 149.97
73.71 151.65
174 169.89
21.12 38.22
239.25 210.78
169.38 44.19
128.13 193.95
223.98 34.11
195.69 115.08
129.36 124.62
68.88 57.63
81.57 93.33
20.76 104.61
136.23 89.79
133.65 145.41
89.1 204.51
75.57 209.91
184.65 208.47
226.74 209.88
48.72 139.35
89.73 97.92
129.12 175.38
207.42 183.6
257.13 229.38
24.33 128.25
72.03 79.95
61.71 4.11
110.67 11.4
208.74 297.3
242.04 42
119.61 136.17
36.81 200.7
183.3 257.46
159.99 9.12
157.14 110.01
248.58 114.42
14.1 172.89
129.27 219.39
25.44 157.29
286.23 75.48
166.2 135.36
199.89 31.26
64.83 27.42
85.11 13.77
13.29 181.14
168.99 80.94
96.42 269.07
146.13 98.82
273.66 105.15
124.83 139.44
100.77 143.22
15.66 122.52
99.45 87.87
60.63 251.4
202.62 299.64
3.33 192.75
7.59 123.21
13.5 37.77
229.14 220.35
105.93 10.89
165.66 291.06
58.02 195.81
125.28 191.01
138.96 296.1
185.58 130.98
289.14 132.12
223.98 222.36
23.16 42.48
4.29 60.6
148.08 225.51
190.05 19.98
60.03 21.3
140.13 11.88
266.22 203.91
53.31 283.68
33.69 149.91
253.35 61.38
134.94 37.86
247.29 222.93
230.55 9.42
31.17 180.18
181.77 31.14
40.74 2.1
219 289.74
11.07 159
18.45 7.11
286.56 1.62
235.29 137.82
228.51 120.84
111.57 213.12
132.75 125.94
5.43 182.43
252.03 59.73
27.48 254.4
285 44.4
95.7 109.23
176.91 63.36

