13 9
10
10
3
10
4
1
9
6
8
8
10
5
6
13 9
8
5
8
7
2
8
5
7
6
4
7
6
10
10 10
10
6
10
4
2
6
1
2
10
5
1 1
9
14 8
6
7
1
4
8
1
3
10
5
5
2
8
7
3
6 5
4
3
9
4
5
2
8 8
9
5
5
3
5
6
3
5
13 8
2
3
2
1
6
1
10
1
3
6
2
9
7
19 9
8
2
2
5
9
4
3
5
6
3
4
4
4
10
7
10
1
10
7
18 8
8
6
5
1
6
8
4
1
10
10
4
2
6
7
2
1
5
3
12 4
10
10
3
1
6
10
7
3
4
9
1
7
7 4
10
10
10
9
5
8
7
14 2
6
9
8
7
9
8
1
8
4
6
8
8
6
5
2 1
7
5
5 2
9
9
7
9
5
12 8
10
10
4
1
7
1
3
1
6
2
2
6
16 3
8
6
6
4
6
3
9
9
2
1
2
5
9
8
6
5
2 2
3
5
10 8
5
4
1
9
9
10
5
1
4
6
4 2
1
5
2
6
7 4
8
9
5
7
5
7
10
5 5
6
5
2
7
5
15 4
6
8
3
3
7
4
8
7
9
7
7
2
4
2
6
9 8
5
10
10
4
5
1
3
7
4
5 5
8
1
3
7
4
5 5
10
8
5
4
9
10 5
1
9
1
2
5
9
6
7
5
9
8 1
10
3
2
7
1
8
8
8
10 3
2
8
4
1
6
10
4
2
1
9
10 10
6
7
6
4
9
6
5
2
9
4
13 8
2
5
8
2
9
3
10
2
8
1
5
1
2
13 6
3
1
2
5
9
2
7
6
2
9
5
10
10
2 2
3
2
19 1
7
8
7
10
7
6
2
9
5
7
5
9
10
2
7
6
10
2
4
15 8
9
4
4
3
3
9
6
9
3
1
2
5
6
7
8
4 2
2
4
4
8
3 2
1
6
4
2 2
6
6
15 2
1
7
8
7
9
8
2
4
4
5
8
9
10
10
8
14 5
9
2
8
9
2
2
6
1
9
3
7
4
2
4
1 1
6
12 4
6
1
5
3
3
8
3
9
3
2
4
6
10 7
7
1
1
10
4
3
1
6
8
4
15 3
5
3
3
9
9
8
5
9
10
6
7
1
6
8
2
16 3
2
1
7
2
10
8
10
3
5
2
2
10
2
8
2
4
9 6
4
3
10
1
5
10
7
9
7
19 1
10
7
9
6
1
8
5
10
7
10
4
6
5
6
7
8
10
9
10
5 4
7
10
10
5
10
5 1
10
10
2
3
8
14 4
4
6
6
1
3
1
4
6
6
3
4
4
6
1
18 2
3
5
8
1
7
1
3
9
6
8
1
10
1
8
3
10
6
7
2 1
4
3
19 1
3
7
7
4
9
3
4
2
6
7
2
2
3
1
6
1
5
2
5
6 2
7
10
8
4
10
10
18 4
4
3
10
4
6
1
2
7
8
6
7
7
2
7
6
10
10
9
15 6
7
1
1
1
1
6
5
3
4
10
4
1
7
1
3
18 2
10
2
2
2
1
6
6
2
10
5
4
10
10
1
10
10
3
4
20 2
9
4
1
1
8
2
7
1
5
10
2
6
5
9
2
6
1
7
3
6
12 3
7
2
8
9
7
8
4
7
8
1
6
2
1 1
10
4 2
4
4
2
8
17 8
1
6
4
8
4
6
1
10
10
5
7
4
2
3
4
10
6
5 4
3
3
3
3
1
1 1
3
7 1
2
9
9
4
2
3
10
2 1
4
7
13 8
5
5
8
1
2
1
6
4
3
10
7
3
4
8 7
1
6
10
3
10
10
2
9
2 2
7
10
8 1
1
4
5
9
8
4
8
7
2 1
9
8
9 7
10
10
10
7
8
5
1
3
1
14 2
6
2
4
1
4
10
2
10
9
4
3
8
10
3
19 9
10
3
5
5
3
1
7
9
7
4
4
2
7
2
6
7
5
10
8
4 4
9
8
10
1
3 3
9
4
1
6 6
6
5
6
9
6
8
18 6
2
4
2
9
1
1
8
9
1
6
5
6
2
4
8
9
10
8
13 1
5
5
5
2
7
9
10
7
4
7
1
6
4
14 1
2
8
9
6
8
7
8
10
6
10
10
1
3
8
5 5
9
9
5
6
3
13 1
2
2
1
2
5
10
4
9
5
1
7
6
2
19 8
8
4
6
7
5
3
7
2
9
9
8
5
4
3
5
5
5
8
6
20 5
6
2
4
8
4
10
10
3
10
5
3
4
5
6
9
7
10
3
3
6
13 3
6
10
2
2
9
6
5
1
7
4
10
10
1
12 6
10
10
9
3
3
3
1
1
2
2
5
2
17 10
6
7
10
7
4
2
6
2
1
10
6
5
6
4
2
9
8
1 1
1
2 1
7
4
14 10
9
10
6
9
6
2
8
9
2
3
10
10
3
7
19 6
2
8
7
7
2
3
5
2
8
7
5
1
1
1
1
3
1
7
2
2 1
6
4
17 1
3
6
1
6
1
6
9
6
8
2
1
10
8
10
3
9
9
6 5
8
5
1
6
3
9
18 5
10
4
4
1
9
5
7
7
2
1
1
7
4
10
6
7
8
3
12 3
2
5
3
9
9
5
4
4
9
4
10
8
16 8
7
10
6
7
10
2
6
8
10
10
8
5
9
9
1
3
2 1
1
9
1 1
2
19 1
9
10
10
7
9
8
1
2
5
5
9
3
9
5
10
6
4
7
4














