8
10 200 40
24 123 25 11 67 102 24 40 10 80 121 78 122 79 130 12 174 56 200 90
10 200 40
57 123 25 11 45 102 24 40 122 80 121 78 122 79 130 12 174 56 200 90
10 200 40
16 123 25 11 45 102 24 40 110 80 121 78 122 79 130 12 174 56 200 90
10 200 40
54 123 25 11 45 102 24 40 76 80 121 78 122 79 130 12 174 56 200 90
10 200 40
24 12 25 17 45 102 24 40 120 80 121 78 122 79 130 12 174 56 200 68
10 200 40
24 48 25 11 45 11 48 30 120 57 121 44 122 35 130 12 157 36 180 0
10 200 40
24 123 25 11 45 130 24 40 120 80 121 5 122 79 130 12 174 56 120 45
10 200 40
13 123 25 11 45 102 24 40 120 80 121 78 122 79 130 32 184 56 150 90
