20 200
1 1 1
4 1 0
2 9 1
5 12 0
19 17 0
15 9 0
19 13 1
6 10 1
2 16 0
7 8 0
14 1 0
19 12 0
8 4 0
13 2 0
16 5 1
2 19 0
3 12 1
5 13 0
17 17 0
16 6 1
1 5 0
16 14 1
11 3 0
8 10 0
12 15 1
14 19 0
3 4 0
8 2 1
6 4 1
13 13 0
7 2 1
12 4 1
18 20 0
20 17 1
5 20 1
10 2 1
11 16 0
13 11 1
20 16 1
12 7 0
12 20 1
12 6 0
18 14 0
2 7 0
5 11 0
8 17 0
1 8 1
16 18 0
8 19 1
1 11 1
6 6 0
4 10 0
6 13 1
16 15 0
8 20 0
17 4 1
20 7 0
7 13 1
13 8 1
17 7 1
19 9 0
7 6 1
3 6 0
20 5 0
20 18 1
9 17 0
6 3 0
11 9 0
4 8 1
18 6 0
11 11 0
7 10 1
2 2 0
18 2 1
14 7 1
7 7 1
2 11 1
15 18 1
6 11 0
19 6 1
4 2 1
7 20 0
7 17 1
8 11 1
20 11 0
3 14 1
20 3 0
6 5 0
17 5 1
10 12 0
9 3 0
13 9 1
5 15 1
3 20 1
1 18 0
5 18 0
11 2 0
3 11 0
11 7 0
12 14 1
5 14 1
15 20 1
6 17 0
11 17 0
14 9 1
7 16 1
15 7 1
2 5 1
2 4 1
3 16 1
13 19 1
17 11 1
13 3 1
3 9 0
9 6 1
1 4 1
13 6 0
5 7 1
18 16 1
15 8 1
18 19 0
18 4 0
8 5 1
18 13 1
9 5 1
17 1 1
15 19 0
6 16 0
2 8 0
8 15 0
10 3 1
11 18 1
1 12 0
18 7 0
17 12 1
10 6 1
18 3 1
13 18 1
12 3 1
19 18 1
14 17 0
11 10 1
20 9 1
14 3 0
14 16 1
10 14 0
12 1 0
5 1 1
9 8 0
19 20 1
5 3 0
15 16 1
11 6 1
17 20 0
18 11 1
20 20 1
14 8 1
10 16 1
9 18 1
3 18 0
3 2 0
2 14 1
12 13 1
14 6 0
15 6 1
14 10 1
3 1 1
9 13 1
8 13 1
9 16 1
19 5 1
7 4 1
10 10 0
14 11 0
15 17 0
9 11 1
4 20 0
12 11 0
4 4 0
3 5 0
4 16 1
6 18 0
4 14 0
19 8 0
20 6 1
17 10 0
20 8 1
18 17 0
17 13 1
19 14 0
6 19 0
11 15 1
5 8 0
15 1 0
9 9 1
17 14 1
15 14 1
9 12 0
13 5 0
6 7 1
