100 938
63 63 1
64 64 0
65 65 1
66 66 0
67 67 0
68 68 0
69 69 0
70 70 0
71 71 1
72 72 1
73 73 1
74 74 1
75 75 1
76 76 1
77 77 1
78 78 1
79 79 1
80 80 1
81 81 1
82 82 1
83 83 0
84 84 0
85 85 1
86 86 0
87 87 1
88 88 0
89 89 0
90 90 1
91 91 0
92 92 0
93 93 1
94 94 1
95 95 0
96 96 0
97 97 1
98 98 1
99 99 0
19 26 0
93 100 0
84 78 0
91 35 0
24 67 1
22 4 0
24 34 1
61 4 1
42 67 1
19 1 0
1 37 0
10 19 0
51 4 1
54 30 0
66 37 1
7 58 0
17 13 1
24 18 0
83 73 0
14 65 1
80 35 0
6 77 0
95 82 1
26 56 1
43 15 1
47 25 1
74 86 0
16 51 0
3 97 0
66 53 1
10 5 1
8 36 1
13 12 0
4 31 0
37 88 1
84 99 1
8 32 1
20 14 1
31 19 0
55 23 0
83 92 1
51 28 1
34 93 1
50 98 0
88 85 0
36 85 1
19 69 0
74 36 1
14 83 0
59 24 0
6 18 0
74 51 1
69 87 1
36 100 1
93 31 1
99 21 0
88 10 1
26 94 1
61 12 1
47 15 1
40 20 1
27 96 0
2 71 0
26 17 0
95 35 0
99 78 0
85 43 0
14 71 0
6 53 0
61 78 1
43 65 1
98 15 0
75 91 0
77 46 0
28 21 0
26 54 1
22 12 0
91 1 0
84 80 1
21 39 1
39 14 1
51 67 0
76 5 1
55 86 1
92 96 0
58 65 1
72 57 0
49 10 0
59 23 1
32 95 1
25 94 1
78 22 1
62 73 0
3 16 0
90 53 0
87 76 0
21 55 0
55 54 1
15 52 1
37 51 0
48 30 0
14 67 1
17 41 0
70 38 1
74 29 1
66 63 1
23 84 0
98 65 0
89 17 1
29 100 0
5 81 0
27 40 0
35 77 1
41 38 1
94 34 0
59 45 1
97 60 1
12 35 0
43 80 0
13 49 0
67 68 0
4 22 1
5 33 1
65 4 1
18 4 0
15 87 0
24 28 0
40 42 1
100 92 0
58 42 0
22 20 0
17 60 0
22 3 1
45 9 1
64 20 1
14 42 1
43 76 1
15 63 0
38 72 0
47 31 0
8 90 1
6 74 0
62 49 1
77 3 0
22 77 1
73 25 1
44 22 1
59 58 1
9 46 0
12 33 1
56 64 0
18 8 1
84 83 1
83 1 0
94 81 0
48 70 1
99 44 0
8 42 0
26 16 1
37 64 1
40 74 0
8 66 0
51 37 0
51 65 1
60 42 1
4 30 0
18 29 1
89 60 0
13 62 1
22 64 1
53 59 0
67 27 1
34 53 1
82 50 0
45 33 1
18 53 0
35 32 0
39 17 0
99 84 1
58 36 1
70 23 1
90 81 0
99 10 0
84 59 1
29 1 1
69 14 1
51 38 0
29 52 1
77 60 1
66 30 0
37 61 0
75 90 0
47 1 1
47 100 1
40 84 0
91 5 0
24 30 1
62 61 1
11 39 1
27 47 0
99 43 0
86 93 1
59 44 0
89 46 1
30 83 1
57 49 1
86 73 1
71 50 0
17 40 1
82 7 0
31 26 1
37 28 1
11 66 0
4 41 1
32 27 0
36 11 1
49 23 0
4 46 0
12 97 1
62 29 1
29 41 0
50 22 0
63 53 1
25 92 0
37 70 1
70 75 1
72 92 1
58 5 1
75 64 1
35 94 1
83 8 1
25 30 0
38 78 0
8 76 1
92 63 0
71 63 1
36 28 1
61 40 0
81 31 1
86 32 0
57 87 0
4 68 1
34 72 1
76 65 0
51 82 0
30 40 0
35 62 1
49 41 1
1 17 0
32 74 0
59 100 0
56 75 0
27 36 0
34 82 1
91 36 0
83 34 0
26 100 1
70 17 0
85 70 0
22 73 1
57 16 1
97 92 0
95 76 0
5 96 1
30 8 0
78 52 1
7 68 0
36 16 0
25 63 0
24 87 1
28 23 1
95 77 1
27 87 0
32 100 1
28 56 1
42 4 0
51 70 0
86 63 0
49 24 0
88 36 1
48 28 1
38 81 1
100 39 1
92 20 1
67 8 0
93 54 0
93 7 1
48 60 1
62 17 1
76 61 0
19 96 1
79 99 0
100 11 1
61 91 0
92 15 0
26 35 1
93 76 0
28 26 1
83 72 1
9 53 0
28 9 1
24 47 1
73 70 1
98 79 0
37 43 1
22 91 0
57 97 1
7 64 1
69 67 1
87 57 1
68 94 0
12 20 1
19 3 1
98 64 1
38 29 1
88 82 0
40 21 1
92 14 0
5 54 0
46 43 1
7 84 0
95 20 1
52 73 1
64 96 1
96 66 1
94 44 1
52 4 1
71 28 0
13 52 0
49 86 1
9 31 0
91 72 1
78 56 0
91 92 0
50 100 1
56 35 1
32 1 0
93 57 0
44 36 1
74 88 1
9 52 0
69 55 1
46 36 1
28 18 1
71 14 1
24 44 1
27 51 0
58 1 0
60 58 0
75 70 1
39 51 1
61 56 1
73 63 0
25 20 0
32 48 1
72 100 1
25 40 1
95 92 1
45 74 1
85 45 1
44 68 1
33 74 1
91 19 0
81 43 0
8 85 1
59 71 1
42 25 0
52 31 0
2 100 1
86 70 0
66 100 1
89 39 1
56 60 1
80 1 1
85 57 1
17 94 0
12 53 1
37 54 0
46 62 1
84 39 0
55 88 1
21 50 1
30 58 0
38 94 1
98 10 1
52 86 1
85 72 1
82 1 0
8 2 0
61 96 0
2 30 0
96 25 0
9 25 1
41 53 0
8 4 1
17 69 0
70 32 1
78 38 0
12 98 1
49 28 0
7 20 0
87 30 1
18 51 1
64 57 0
55 5 1
48 100 0
92 38 1
8 68 0
78 12 1
44 62 0
97 69 1
40 29 0
95 11 0
52 79 1
80 62 1
22 54 1
45 43 0
96 28 1
95 43 0
2 45 0
68 95 0
91 44 1
22 1 1
86 25 0
69 72 0
82 99 1
100 100 0
58 3 0
58 48 0
27 38 1
13 40 0
27 45 1
62 2 0
20 10 1
48 71 1
47 30 1
80 51 0
39 92 0
24 73 0
95 83 0
29 35 0
9 21 1
69 97 1
64 91 1
39 100 0
43 2 1
9 40 1
46 55 0
19 16 1
90 47 1
23 83 0
33 71 1
1 56 1
69 47 1
31 18 0
68 69 1
19 62 1
74 52 0
97 29 0
59 50 1
65 47 0
9 67 1
63 31 0
5 32 1
48 90 1
65 55 1
88 91 1
99 72 0
49 95 0
15 92 1
6 36 0
97 7 1
49 18 0
33 86 1
58 68 1
80 44 1
49 79 0
49 83 0
26 48 1
80 59 0
33 70 1
52 16 1
35 22 1
9 61 0
38 41 0
98 17 1
54 26 1
91 57 0
33 35 0
64 37 1
81 30 1
90 8 1
16 100 0
59 78 0
38 31 0
17 70 1
85 48 0
88 64 1
17 32 1
42 21 0
99 76 0
72 27 0
96 5 1
69 80 0
57 32 0
45 63 1
8 10 1
86 27 1
43 82 0
72 77 1
51 73 0
72 87 0
2 58 0
57 92 1
17 74 1
29 24 1
28 100 1
82 79 0
73 11 1
74 90 0
24 82 1
79 81 1
13 76 1
82 30 0
59 96 1
55 3 0
92 31 0
22 75 0
56 98 0
22 16 1
90 71 0
28 67 1
75 46 0
93 29 0
92 56 0
69 22 0
83 60 1
76 44 0
7 6 0
44 64 1
65 56 1
45 69 1
27 100 1
73 33 1
35 87 1
69 63 1
26 12 1
31 23 0
22 89 0
63 7 0
7 96 1
66 55 1
39 73 1
49 99 1
68 7 1
26 11 0
98 46 0
23 18 0
93 97 1
18 57 1
99 89 0
51 33 1
1 64 0
37 20 1
81 15 0
57 99 1
25 79 1
77 39 1
39 12 0
38 25 1
49 30 0
30 72 1
29 78 1
12 86 1
67 57 1
84 85 1
50 37 0
15 16 1
98 97 0
22 42 0
55 65 0
34 31 0
80 85 1
7 48 1
96 19 0
94 55 0
91 54 1
51 15 1
12 94 1
46 12 0
63 46 1
50 86 1
68 72 0
13 8 0
25 21 1
36 99 1
51 84 1
100 95 0
50 5 1
16 36 0
57 20 1
17 44 1
13 66 1
8 96 0
10 2 1
49 69 1
48 57 1
28 85 1
100 43 0
58 56 0
68 71 0
55 26 1
89 52 1
52 71 1
23 69 1
12 71 1
34 80 0
69 30 0
6 34 1
80 24 1
19 58 1
9 80 1
60 82 0
23 71 0
6 52 0
64 10 1
15 94 0
30 69 0
48 18 1
6 99 1
60 23 1
15 39 0
21 37 1
1 26 0
32 46 0
69 27 0
99 41 1
39 88 0
27 12 0
5 97 0
4 36 1
19 63 1
19 8 1
43 87 0
59 7 1
37 67 0
83 19 0
76 3 1
85 28 0
37 47 1
58 95 1
62 100 0
68 80 1
69 34 1
82 36 0
45 36 1
56 94 0
15 91 1
9 7 0
55 89 0
41 83 0
49 82 1
55 64 0
31 66 0
93 52 0
33 56 0
48 98 0
22 39 1
58 13 0
68 29 1
8 25 1
50 68 0
54 72 0
53 56 0
56 96 1
67 42 1
85 33 1
92 71 0
67 30 0
7 23 1
67 95 0
8 77 1
13 98 0
32 87 1
40 89 1
93 30 1
83 46 1
53 95 0
38 58 0
44 42 1
50 15 1
97 89 0
34 42 0
100 54 1
99 66 0
37 39 1
59 72 0
36 64 0
15 4 1
7 25 1
5 82 0
80 97 0
41 29 0
42 83 0
85 18 0
90 75 0
63 41 1
59 28 1
13 96 0
28 68 1
47 68 1
20 85 0
46 24 0
73 32 0
62 27 1
98 76 1
33 15 0
3 8 1
3 93 0
31 8 1
64 25 0
23 89 1
98 81 1
93 84 0
97 2 0
88 95 1
1 90 1
3 38 1
71 79 1
17 4 1
79 97 1
95 98 0
1 23 0
55 27 1
52 77 1
64 42 0
29 40 0
72 83 1
79 84 1
95 45 1
72 65 0
7 75 0
28 49 0
62 65 1
7 73 0
72 3 1
78 33 0
3 29 0
32 93 1
75 11 0
84 100 1
88 24 1
36 20 1
54 67 0
85 19 0
63 13 0
10 15 1
18 67 0
90 78 1
28 82 0
76 72 0
94 36 0
35 70 0
15 65 0
78 36 0
87 15 0
34 100 0
91 3 0
17 21 0
4 77 0
23 65 1
54 18 1
83 27 0
82 2 0
28 57 1
53 91 0
24 65 0
30 50 0
45 3 0
100 63 1
24 76 1
47 58 0
59 12 0
50 53 1
84 55 1
33 75 0
63 37 1
51 10 0
96 42 1
72 91 0
64 79 0
4 88 0
93 87 1
30 95 1
62 85 0
51 11 0
73 29 1
22 61 0
73 5 1
20 53 0
69 29 0
58 39 0
11 97 0
99 36 1
61 37 0
96 46 1
87 73 0
1 86 0
83 40 1
81 11 1
92 18 0
51 78 0
20 64 0
35 37 0
14 35 1
82 18 0
5 83 1
92 77 1
76 2 0
73 98 0
81 73 1
42 72 0
49 93 1
78 6 0
44 28 1
7 81 1
36 12 0
84 87 1
46 23 0
43 94 1
9 91 0
87 51 0
33 34 1
98 71 1
11 13 1
69 95 0
33 28 1
67 56 1
46 82 0
65 61 1
72 64 1
82 83 0
99 91 1
23 5 1
93 10 0
8 34 1
35 49 0
35 47 0
31 25 1
41 7 1
6 32 0
88 97 0
46 63 0
27 98 1
79 53 0
78 13 1
54 10 1
26 95 0
55 9 0
84 43 1
100 51 0
87 27 1
66 12 0
90 28 1
32 61 0
37 7 1
88 21 1
17 75 0
25 90 0
8 43 1
57 37 0
95 14 0
4 89 1
76 36 0
30 28 0
62 6 1
83 36 0
32 69 0
5 91 0
41 8 1
19 13 1
19 67 0
7 14 1
3 95 1
22 44 1
57 42 1
27 20 1
42 75 1
85 31 1
2 59 0
80 3 0
30 53 0
99 13 0
91 50 1
15 26 1
97 10 0
26 90 0
75 23 1
88 29 0
36 26 0
90 92 0