100 1000
1 1 0
2 2 0
3 3 0
4 4 0
5 5 0
6 6 0
7 7 0
8 8 0
9 9 0
10 10 1
11 11 0
12 12 1
13 13 0
14 14 1
15 15 0
16 16 1
17 17 1
18 18 1
19 19 1
20 20 0
21 21 1
22 22 1
23 23 0
24 24 0
25 25 0
26 26 0
27 27 0
28 28 1
29 29 1
30 30 1
31 31 1
32 32 1
33 33 0
34 34 0
35 35 0
36 36 1
37 37 1
38 38 1
39 39 1
40 40 1
41 41 1
42 42 1
43 43 0
44 44 1
45 45 1
46 46 1
47 47 1
48 48 1
49 49 0
50 50 1
51 51 0
52 52 1
53 53 1
54 54 0
55 55 0
56 56 0
57 57 0
58 58 0
59 59 1
60 60 0
61 61 1
62 62 0
63 63 1
64 64 0
65 65 1
66 66 0
67 67 0
68 68 0
69 69 0
70 70 0
71 71 0
72 72 0
73 73 0
74 74 0
75 75 1
76 76 0
77 77 0
78 78 1
79 79 1
80 80 0
81 81 0
82 82 0
83 83 0
84 84 0
85 85 0
86 86 1
87 87 0
88 88 1
89 89 1
90 90 0
91 91 0
92 92 0
93 93 1
94 94 1
95 95 0
96 96 0
97 97 1
98 98 1
99 99 1
50 58 0
59 53 1
18 60 0
89 36 0
83 11 1
35 44 1
44 54 0
5 7 0
88 74 1
97 35 0
16 49 0
77 27 1
40 3 0
14 7 1
15 27 1
56 21 1
72 63 1
84 36 1
17 27 1
47 95 1
91 1 0
49 94 0
81 31 1
88 11 1
95 22 0
19 43 0
33 53 0
40 54 0
24 56 0
16 37 0
20 72 0
94 100 1
15 81 1
27 4 1
2 6 0
52 40 0
90 24 1
43 93 1
82 45 0
90 100 0
31 73 0
75 72 1
96 32 0
92 58 0
25 66 1
78 36 1
52 72 0
67 26 0
89 88 1
44 25 0
87 42 0
25 98 0
73 34 0
70 13 0
57 46 0
22 30 1
45 90 0
95 62 1
31 53 1
38 24 1
58 75 0
88 3 1
35 29 0
34 50 0
91 63 0
48 92 0
87 99 1
83 66 0
19 89 0
29 47 1
87 91 1
71 78 0
28 89 1
7 90 0
10 6 0
25 1 1
27 49 1
86 91 1
76 4 1
10 41 1
62 69 0
18 81 0
86 4 0
96 65 1
70 31 1
79 73 0
68 40 0
60 97 1
47 13 1
21 92 1
27 43 0
84 35 0
32 31 0
14 63 0
32 53 1
48 97 0
56 76 0
30 68 0
80 87 1
76 37 1
62 31 1
63 39 0
1 4 1
83 55 0
48 51 0
62 24 0
76 88 0
47 10 1
86 30 0
93 7 0
59 51 1
38 84 0
68 60 1
3 52 0
57 36 1
95 47 0
93 72 1
77 40 0
68 94 0
32 49 1
82 67 0
21 8 0
94 35 1
83 51 1
15 42 0
8 17 0
7 40 0
47 38 1
37 62 0
79 95 1
91 68 0
59 60 0
19 39 0
72 91 0
47 90 0
11 5 0
49 18 0
39 17 1
64 6 1
4 58 0
88 93 1
70 32 1
30 74 1
88 85 0
83 20 0
29 36 1
50 2 1
64 55 1
95 86 0
37 91 1
25 11 0
41 3 0
25 92 1
24 12 0
54 40 1
4 79 1
80 60 1
58 60 1
58 38 0
44 28 1
55 2 1
33 54 1
7 88 0
35 20 1
44 79 1
33 69 1
99 15 1
89 7 0
66 17 1
68 9 1
53 30 0
9 63 1
41 42 0
68 31 1
40 98 0
64 38 1
8 33 0
21 48 0
58 56 1
35 2 0
70 22 1
36 81 1
25 77 0
28 82 1
17 46 1
42 58 0
63 20 0
24 1 0
84 37 1
47 73 0
41 5 1
13 64 0
64 93 0
39 65 0
13 60 1
74 87 1
61 48 0
78 66 0
81 28 1
11 24 1
95 56 1
6 96 1
73 58 0
15 30 0
89 49 0
84 43 0
23 46 0
54 63 1
97 64 0
11 78 0
39 87 0
81 70 1
82 39 1
2 5 0
38 49 0
74 2 0
79 35 0
63 30 0
91 98 0
65 91 1
67 88 0
29 30 0
32 50 1
58 28 0
10 51 0
95 42 1
21 81 1
55 90 0
19 13 1
27 72 1
62 88 1
78 46 0
79 52 0
7 70 0
50 37 1
25 40 0
74 70 1
19 33 1
57 12 0
17 60 0
61 32 0
49 86 1
38 52 1
38 47 1
43 65 1
77 94 0
72 58 0
3 19 0
40 81 0
65 31 1
37 54 0
94 21 0
86 9 1
7 3 0
32 98 0
78 70 1
1 19 0
15 52 0
56 39 1
99 88 0
36 56 1
59 29 0
60 85 1
27 69 1
27 100 0
10 69 1
23 89 0
96 22 1
66 76 1
100 53 0
13 17 0
27 8 0
20 69 1
8 37 0
4 96 1
52 89 0
71 87 0
1 70 1
28 29 0
17 29 1
63 31 1
71 83 0
64 44 0
30 90 1
65 51 0
6 12 1
56 3 0
31 90 0
87 7 0
16 58 1
9 21 0
94 17 0
30 22 0
100 68 0
23 10 1
97 4 1
42 74 1
89 81 0
71 89 0
59 34 0
52 27 1
98 5 1
86 17 1
2 7 0
26 71 1
69 68 0
15 79 1
55 99 1
17 5 1
33 43 0
60 15 1
1 39 0
33 29 1
68 79 1
26 8 1
48 74 1
16 34 0
66 13 1
98 14 0
65 4 0
31 68 1
68 32 1
68 59 1
64 99 1
15 89 1
6 30 0
33 9 0
87 86 1
26 97 1
73 82 0
41 36 1
54 65 0
9 81 1
62 74 0
52 91 0
79 38 0
8 90 1
21 80 1
62 47 0
39 29 0
23 37 0
85 1 0
46 9 1
58 10 1
18 57 1
20 95 1
19 54 0
88 97 1
75 79 0
50 54 0
8 42 1
44 81 1
72 33 1
25 59 1
14 16 1
47 3 1
5 44 0
79 25 1
61 41 1
13 84 0
87 44 0
15 40 1
11 40 1
76 9 0
6 51 0
29 59 0
71 22 0
22 82 1
8 86 0
33 78 0
73 8 1
98 84 1
87 6 0
54 3 0
20 60 0
74 6 1
3 76 1
14 10 0
5 1 1
8 28 0
31 33 0
65 92 1
81 7 1
76 50 0
13 97 1
61 65 0
19 6 0
70 1 1
58 37 0
24 96 0
10 97 0
80 13 1
16 21 0
66 9 0
32 2 0
3 55 0
56 63 0
57 61 1
57 53 0
65 16 1
57 76 1
35 58 1
49 72 0
34 7 0
31 81 0
96 72 1
81 21 1
53 66 1
30 77 1
76 10 0
49 7 1
57 70 1
7 8 0
21 100 1
22 93 0
50 25 1
6 56 1
95 45 1
15 66 0
13 58 1
98 100 0
29 70 0
17 82 0
69 62 0
32 20 0
18 4 0
83 10 0
51 81 0
48 23 1
89 85 0
37 61 0
84 58 1
62 92 1
27 20 0
38 94 1
87 17 0
36 8 0
45 70 1
66 47 1
55 5 1
22 66 1
63 34 1
5 99 1
94 8 0
28 80 0
96 46 1
21 14 0
8 51 0
26 20 0
70 2 0
27 77 1
61 27 0
8 55 1
10 2 0
48 17 0
75 41 1
56 74 1
90 62 0
51 55 0
81 40 1
48 56 0
12 67 1
33 56 0
2 34 0
87 65 1
98 99 0
28 37 1
33 12 0
27 57 1
88 8 0
24 71 1
95 40 1
6 19 0
96 52 1
93 78 0
21 31 0
97 40 1
41 44 0
56 45 0
51 41 0
1 55 1
64 39 0
66 100 1
42 24 0
69 16 0
7 91 0
68 99 1
67 18 1
43 21 0
71 85 0
70 26 1
97 59 1
70 87 0
21 66 0
14 100 0
40 53 1
92 25 1
33 13 0
59 62 1
4 2 1
59 80 0
99 96 1
94 69 1
4 71 0
3 84 1
69 50 0
29 22 0
49 30 0
96 16 1
100 21 1
65 27 0
87 68 1
1 73 1
49 51 0
69 37 1
41 34 0
85 11 0
45 36 1
13 100 0
2 32 0
16 83 1
98 26 0
59 92 0
69 99 1
51 98 0
45 44 1
86 63 0
67 8 1
88 50 0
71 7 0
74 34 0
60 32 0
12 85 0
93 4 1
94 65 1
99 9 0
88 33 1
90 50 0
7 80 1
18 79 0
83 19 0
32 93 0
33 20 0
59 100 0
69 97 0
84 70 1
4 73 1
90 84 1
98 69 0
62 84 1
79 68 0
59 10 0
74 5 0
76 72 0
39 37 1
76 31 1
86 3 0
3 85 0
20 12 0
88 58 0
9 46 1
32 64 1
17 32 0
34 32 0
1 89 1
16 41 1
6 32 1
64 50 1
91 75 0
74 97 0
23 29 1
18 54 0
77 4 1
24 62 0
10 19 1
79 64 1
36 25 0
33 84 1
44 26 1
45 40 0
52 83 0
66 57 0
24 14 0
46 16 1
43 23 0
70 91 1
51 49 0
80 68 0
37 34 0
58 62 0
18 37 1
64 17 0
65 49 0
10 100 0
76 73 0
39 11 1
23 12 1
26 58 0
22 56 1
16 3 0
65 11 0
61 52 0
64 92 0
9 72 0
42 27 0
40 96 1
68 19 0
21 83 0
39 88 0
92 85 1
50 97 0
30 12 1
69 43 1
71 8 0
81 94 1
72 38 1
55 25 1
72 30 0
64 29 0
58 45 1
62 71 0
78 24 1
82 11 0
41 28 1
58 98 0
40 76 1
85 12 1
90 53 1
20 63 1
43 18 0
10 42 1
99 40 0
55 78 0
79 2 1
64 90 0
34 28 0
9 31 1
90 99 1
10 8 1
18 59 1
84 90 1
23 55 1
55 48 0
46 41 1
11 72 1
21 97 1
93 56 1
8 47 1
87 31 1
1 6 1
98 34 1
84 77 1
95 79 0
29 75 0
28 58 1
73 44 0
2 25 1
21 93 1
11 94 0
49 4 0
6 21 1
14 24 0
17 63 0
57 100 0
94 36 1
69 77 1
41 8 1
72 18 1
64 57 1
42 87 0
63 61 0
75 61 0
41 84 1
20 30 0
6 81 1
15 33 0
73 96 1
2 11 1
74 18 1
94 12 1
99 23 1
90 56 1
59 88 1
4 57 1
3 77 0
9 71 1
22 87 1
25 64 1
59 20 1
26 83 1
35 60 0
75 50 1
98 51 1
1 26 1
88 31 1
92 18 0
37 95 1
43 56 0
34 54 1
60 71 1
32 10 0
44 2 0
49 11 1
9 100 1
11 68 0
54 47 0
60 27 0
52 53 1
1 51 0
85 86 1
83 62 0
88 14 0
13 89 0
5 21 1
68 24 1
93 62 0
53 42 1
34 55 0
3 7 0
61 7 1
66 70 1
46 43 1
88 19 1
53 12 0
66 78 1
44 76 1
5 66 0
77 62 1
18 74 0
31 48 0
70 49 0
37 83 1
38 37 1
86 28 1
8 1 1
18 19 1
55 45 1
10 40 1
97 60 1
100 100 0
76 27 1
48 29 0
65 41 1
28 44 0
19 22 0
27 60 1
55 92 1
79 4 1
7 15 0
11 18 1
87 72 1
68 77 0
53 100 0
75 28 1
45 50 0
3 25 0
17 100 0
14 52 1
78 2 0
50 21 0
12 4 1
3 96 0
51 26 0
64 94 1
67 43 0
88 42 0
79 80 1
28 17 1
1 78 1
48 83 1
71 56 1
18 28 0
60 68 0
6 18 0
70 37 0
50 1 0
100 42 1
95 82 0
46 63 0
73 15 1
84 97 0
16 25 0
92 48 0
89 78 1
95 59 0
66 56 0
30 88 1
1 72 1
11 17 1
94 81 0
43 33 0
100 92 1
91 27 1
34 19 0
34 44 0
77 33 0
93 26 1
94 56 0
19 29 1
63 45 1
57 69 0
22 38 0
36 68 0
42 94 1
89 31 0
43 83 1
30 76 0
89 26 1
74 35 1
54 4 0
61 96 0
29 15 1
91 81 1
96 69 1
73 61 0
79 32 1
59 48 1
59 26 1
41 62 0
31 12 0
28 87 1
98 10 1
49 1 0
87 39 1
5 9 0
93 10 1
73 21 0
59 54 0
9 68 0
56 65 0
13 16 1
65 48 0
63 54 0
22 42 1
18 87 1
48 45 1
42 25 1
93 92 0
46 45 0
46 44 1
22 4 0
87 77 1
71 64 1
15 61 0
81 82 1
35 27 0
64 2 0
96 83 1
99 16 0
77 57 0
68 53 1
52 94 0
96 50 0
26 36 0
53 39 0
65 72 0
69 13 0
37 70 0
49 37 1
4 91 0
25 44 0
72 22 1
79 69 1
68 8 0
45 48 0
88 91 1
40 31 0
19 95 0
62 32 0
32 16 0
13 11 1
83 72 1
56 25 1
3 94 0
78 16 1
89 30 1
80 52 1
46 93 1
69 49 1
59 64 1
31 51 1
77 68 0
32 15 1
13 25 1
36 71 1
87 82 0
26 44 1
22 16 0
78 58 1
79 83 0
23 79 1
15 3 0
51 97 0
84 65 0
77 83 1
65 43 1
82 14 1
31 45 1
44 89 1
33 11 1
56 75 1
