100 1000
1 1 1
2 2 1
3 3 0
4 4 0
5 5 0
6 6 0
7 7 1
8 8 1
9 9 1
10 10 1
11 11 0
12 12 0
13 13 0
14 14 0
15 15 0
16 16 1
17 17 1
18 18 1
19 19 0
20 20 0
21 21 1
22 22 1
23 23 1
24 24 0
25 25 1
26 26 0
27 27 0
28 28 0
29 29 1
30 30 1
31 31 1
32 32 0
33 33 0
34 34 1
35 35 1
36 36 0
37 37 1
38 38 1
39 39 1
40 40 1
41 41 0
42 42 1
43 43 0
44 44 0
45 45 1
46 46 0
47 47 1
48 48 0
49 49 1
50 50 0
51 51 0
52 52 1
53 53 1
54 54 0
55 55 0
56 56 1
57 57 0
58 58 0
59 59 0
60 60 0
61 61 1
62 62 1
63 63 0
64 64 0
65 65 0
66 66 1
67 67 0
68 68 0
69 69 0
70 70 1
71 71 1
72 72 1
73 73 1
74 74 1
75 75 0
76 76 1
77 77 0
78 78 1
79 79 1
80 80 0
81 81 0
82 82 0
83 83 1
84 84 0
85 85 0
86 86 0
87 87 0
88 88 0
89 89 1
90 90 0
91 91 1
92 92 0
93 93 1
94 94 0
95 95 1
96 96 1
97 97 0
98 98 0
99 99 0
36 91 0
99 10 0
2 89 0
62 67 1
2 11 1
1 55 0
9 58 0
23 34 0
7 22 0
47 43 1
56 57 0
14 20 1
97 66 0
38 22 0
29 44 1
92 27 1
5 32 1
54 48 0
58 74 1
81 92 1
10 18 1
68 88 1
34 95 0
42 87 1
35 16 0
81 70 1
89 64 0
100 39 0
95 14 0
38 15 1
73 34 0
69 94 0
20 60 0
48 74 0
77 64 0
13 38 1
10 69 0
67 98 1
12 14 1
75 84 1
14 80 1
42 28 0
20 92 1
71 43 0
63 11 0
1 42 0
9 59 1
30 4 0
88 25 0
63 27 1
91 10 0
32 4 1
42 50 0
66 53 1
75 72 1
83 82 0
91 96 1
84 78 1
97 80 1
34 78 1
12 92 0
71 39 0
26 6 0
43 41 0
91 74 1
75 19 0
65 77 1
43 78 0
41 82 0
83 98 1
94 28 0
17 48 0
98 33 0
94 3 1
74 72 1
91 5 0
45 26 1
63 47 1
68 50 1
93 94 1
30 28 0
91 43 0
28 46 1
80 25 1
13 26 1
80 42 1
97 54 1
44 61 1
100 3 0
77 74 0
39 9 0
21 41 1
65 40 1
75 42 1
63 25 1
83 46 0
79 46 1
36 4 0
34 10 0
68 18 0
89 8 0
92 29 1
29 23 1
69 92 1
57 26 0
93 69 1
64 92 1
69 79 0
36 21 1
11 51 1
21 13 0
19 75 1
14 42 0
33 42 1
77 7 1
39 14 1
43 7 0
24 1 0
72 12 0
35 67 0
36 79 0
83 78 0
87 68 0
4 31 1
70 83 1
97 28 1
36 30 1
58 97 1
38 65 1
85 56 1
57 80 0
7 91 1
50 43 1
88 11 1
14 27 0
56 33 1
16 30 1
36 93 1
2 18 0
90 98 0
46 62 0
51 73 0
20 43 1
15 55 1
54 72 0
72 97 1
70 44 1
77 69 0
34 56 0
53 21 1
41 4 1
11 49 1
27 96 1
86 95 1
21 88 1
68 26 1
74 5 0
26 74 1
38 39 0
82 6 0
38 77 0
12 31 0
11 77 0
96 97 1
64 36 0
67 3 1
49 93 0
56 92 0
64 89 0
18 21 0
41 2 0
6 89 0
100 85 0
13 48 1
33 78 1
34 19 1
97 72 0
70 92 1
21 62 0
81 79 1
30 25 0
68 66 0
57 28 1
70 86 0
81 56 0
10 51 0
62 88 0
63 90 0
24 40 1
77 43 1
82 16 1
43 38 1
89 43 1
70 35 0
61 2 1
9 65 1
27 74 1
92 36 0
61 52 1
48 33 1
79 93 1
18 12 0
65 3 1
68 24 1
64 56 0
6 64 0
47 64 0
72 43 1
67 48 0
60 64 0
88 100 0
25 21 1
58 81 1
61 38 0
43 46 0
35 15 0
7 71 1
7 21 0
75 67 1
29 38 0
15 91 1
2 31 0
98 92 1
82 100 1
56 38 1
32 21 0
33 6 1
65 47 0
71 76 1
71 16 1
19 57 0
6 82 0
62 64 1
81 44 0
2 78 1
98 85 0
13 93 0
37 74 1
97 77 1
44 84 1
94 43 0
7 70 1
85 63 0
19 33 1
62 33 1
92 34 0
40 66 1
17 56 1
16 42 0
57 53 1
45 49 0
50 22 0
2 38 1
43 69 1
57 97 0
78 30 0
5 67 1
68 23 1
31 69 0
84 63 1
4 74 1
22 29 1
60 22 1
9 4 0
10 66 0
47 5 1
97 18 1
6 69 1
82 28 1
59 55 1
79 80 0
23 63 0
99 56 1
88 3 1
41 61 1
19 32 1
32 59 0
36 86 0
77 85 1
91 19 0
73 96 1
99 20 1
37 55 1
5 77 0
60 97 0
17 65 1
3 92 0
25 61 1
14 30 0
56 17 1
96 69 1
88 84 0
55 22 1
73 65 1
13 32 1
37 8 1
59 33 1
1 67 1
64 73 1
28 30 0
54 66 1
78 15 0
45 20 1
23 54 0
73 63 1
72 66 0
9 31 0
94 34 1
87 32 1
22 60 0
2 47 1
62 79 0
84 10 0
21 64 1
4 47 0
43 2 0
51 41 1
36 27 0
11 85 1
16 83 1
31 11 0
38 20 1
14 87 0
95 50 1
30 29 0
85 34 1
40 100 0
32 79 1
49 71 1
61 45 0
59 79 1
13 70 0
76 28 0
76 19 1
84 27 0
7 25 1
68 97 1
59 51 0
92 54 0
50 76 0
28 35 0
58 38 0
39 35 1
88 90 1
17 45 1
95 81 1
13 27 1
37 75 1
49 37 0
99 38 1
61 51 1
79 29 0
23 21 0
31 30 1
22 35 0
30 53 1
77 83 0
46 3 0
87 39 0
41 42 1
19 61 0
62 35 0
8 23 1
16 84 0
15 71 1
33 39 1
7 56 0
62 21 0
2 62 0
8 72 1
30 37 0
7 6 1
17 16 0
59 25 0
20 13 0
36 13 0
55 93 1
71 34 0
57 17 1
93 11 0
61 28 1
74 94 1
19 80 0
11 84 1
3 73 1
55 59 0
5 14 0
24 99 0
58 55 0
67 60 1
33 95 1
27 71 0
8 39 1
72 13 1
34 32 0
55 1 0
57 76 0
19 18 0
45 13 1
53 76 1
71 19 1
55 66 0
8 41 1
75 86 0
75 8 0
82 35 0
33 26 1
6 25 0
98 5 1
17 37 0
61 81 1
62 39 1
33 41 1
15 7 1
53 96 1
25 7 1
42 55 0
18 38 0
35 76 1
82 52 1
71 49 0
1 98 0
40 30 0
11 21 1
49 92 0
1 21 1
10 5 1
13 9 0
16 46 0
27 44 0
17 77 0
28 52 0
21 7 0
9 79 1
32 92 1
97 22 1
53 5 0
26 1 1
59 19 1
25 55 0
30 92 0
56 26 1
90 7 1
82 22 1
35 99 0
50 94 1
16 50 1
38 85 1
25 80 0
66 74 1
21 29 1
63 99 0
78 10 0
81 31 1
68 82 1
87 27 0
77 17 0
8 92 0
81 15 1
38 94 1
23 18 1
13 2 0
26 21 1
4 49 0
86 54 1
25 35 1
79 13 1
95 11 1
58 96 0
50 66 1
35 61 1
88 96 1
26 14 1
42 4 1
63 67 0
86 67 0
56 87 1
93 26 1
26 41 1
3 38 1
68 78 0
50 80 0
48 14 1
23 56 0
16 87 0
27 36 0
44 21 0
54 37 1
65 52 1
51 5 0
88 89 0
53 71 0
84 30 0
77 14 1
66 38 0
86 27 0
85 35 0
99 41 1
66 67 0
16 48 0
53 89 0
87 80 0
43 99 0
7 11 0
77 26 0
93 79 1
65 29 1
71 98 0
46 97 1
85 70 1
75 51 1
23 92 0
78 12 1
71 5 0
21 49 0
62 45 0
68 95 1
26 40 0
50 54 0
36 28 1
32 9 1
2 17 0
7 31 0
52 76 0
32 89 1
64 63 0
97 27 0
8 18 0
25 27 1
47 62 1
19 36 0
3 25 0
25 81 1
73 67 0
8 20 0
23 46 0
28 83 1
9 19 1
44 7 1
15 97 1
32 61 0
99 50 0
9 32 0
81 55 0
65 34 0
32 38 1
80 36 0
41 53 1
7 8 1
7 1 0
89 44 0
28 42 0
15 32 0
24 89 1
28 8 1
88 24 1
51 20 0
8 24 1
70 88 0
18 69 1
67 9 0
86 15 0
57 74 1
46 63 0
1 58 1
12 42 1
50 70 0
66 56 1
98 71 0
39 87 0
83 51 1
13 11 0
5 50 0
86 9 1
76 60 1
28 9 1
39 92 1
88 14 1
53 42 0
48 76 1
14 86 0
62 42 0
92 26 0
33 15 1
76 85 0
77 29 0
11 50 1
88 28 0
68 75 0
79 12 0
99 94 1
9 42 1
59 14 0
25 63 0
72 94 0
44 17 1
9 93 1
31 8 0
10 42 1
74 22 0
28 88 0
28 99 1
23 48 0
81 66 0
71 10 1
17 98 0
87 34 0
6 92 1
85 29 0
44 87 0
56 22 0
52 24 1
6 4 0
58 89 0
84 29 0
100 17 0
67 100 0
21 34 0
79 33 1
11 36 0
78 48 0
7 43 1
94 45 0
58 61 1
41 90 0
36 17 1
46 41 1
60 3 1
85 73 0
39 72 0
3 64 0
21 65 1
71 12 1
61 100 0
26 22 1
79 40 0
45 54 1
76 100 1
52 100 0
5 72 1
56 34 1
59 13 0
73 83 0
30 95 1
2 40 0
31 63 0
46 52 0
61 68 1
18 72 0
25 69 1
32 27 0
34 53 1
85 19 0
62 15 1
63 82 0
27 19 0
84 14 0
35 66 1
22 65 1
54 39 1
46 29 0
68 16 0
42 99 1
66 87 0
95 91 1
36 68 1
77 6 1
40 62 0
89 62 1
96 33 1
65 53 0
59 96 1
52 30 0
87 26 0
14 31 0
77 25 0
88 82 0
83 33 0
51 26 0
8 53 1
13 25 1
38 42 0
55 14 0
19 100 1
78 66 0
86 12 1
91 45 0
48 32 1
25 10 0
57 65 0
94 80 1
15 67 1
90 36 1
46 6 0
92 39 1
24 26 1
37 4 0
30 55 0
71 83 1
61 1 0
19 11 1
59 40 1
100 57 0
98 64 0
100 4 1
84 16 0
6 33 1
9 87 1
89 56 1
84 22 0
10 17 1
16 63 0
91 25 0
54 84 1
96 94 0
90 59 1
43 48 0
67 75 0
9 60 1
48 85 0
22 63 0
63 40 1
2 49 0
73 45 0
87 28 0
36 90 1
70 33 1
92 15 0
64 84 1
37 59 1
26 28 0
71 15 1
90 27 1
23 10 0
60 51 1
6 9 0
18 79 0
28 93 1
94 41 0
82 66 0
4 89 0
64 58 0
97 89 0
94 60 1
45 67 1
28 59 0
44 18 1
97 20 1
6 95 1
97 59 0
12 99 0
20 46 0
5 93 0
99 49 0
100 55 0
93 21 1
81 26 1
90 97 0
77 9 0
25 93 0
25 30 1
92 94 0
13 94 0
93 57 0
51 74 0
55 39 1
24 59 1
87 70 0
87 99 0
67 99 0
22 24 1
70 40 0
14 18 1
9 18 0
80 78 0
16 45 0
78 52 0
49 47 0
22 38 0
54 88 0
12 94 1
41 17 0
67 31 0
98 34 0
39 89 0
66 12 0
11 46 1
92 32 0
2 61 0
19 87 0
32 34 0
86 69 1
76 33 0
4 15 1
43 39 1
14 9 1
9 77 0
14 89 1
81 72 0
85 1 1
74 63 0
55 86 1
94 1 0
91 38 1
50 58 1
38 18 1
79 72 0
37 51 0
35 38 1
51 36 1
44 43 1
99 31 1
77 15 1
21 31 1
12 53 1
81 43 1
41 87 0
49 53 0
77 82 1
34 91 1
36 43 0
32 55 1
56 54 0
6 86 0
58 84 1
31 47 1
65 63 1
51 96 1
65 43 1
40 99 0
6 36 0
59 47 0
28 48 0
13 78 0
50 95 0
34 16 1
9 41 1
36 53 1
57 2 1
46 70 1
53 74 1
33 36 1
20 37 0
2 52 0
41 48 0
52 40 1
93 63 0
53 28 0
7 23 0
49 82 1
85 97 1
42 92 1
33 25 1
5 54 0
65 39 1
87 5 0
32 13 1
18 25 0
25 94 1
90 28 0
89 27 1
19 88 0
53 79 0
50 12 0
85 74 0
91 35 0
25 73 0
62 30 1
64 100 0
65 75 0
23 88 0
60 9 1
33 74 1
43 28 0
79 75 0
99 63 1
48 61 1
67 59 0
74 93 0
49 39 0
25 19 0
84 45 1
97 11 0
47 54 0
99 7 0
22 55 0
85 33 0
47 26 1
78 31 0
50 44 1
88 30 1
40 94 1
57 19 1
45 76 0
94 19 0
3 47 0
74 64 0
51 57 1
46 84 0
31 79 0
3 93 0
