100 1000
1 1 1
2 2 0
3 3 0
4 4 1
5 5 1
6 6 1
7 7 1
8 8 0
9 9 0
10 10 0
11 11 1
12 12 1
13 13 0
14 14 1
15 15 0
16 16 0
17 17 0
18 18 0
19 19 1
20 20 0
21 21 0
22 22 0
23 23 1
24 24 1
25 25 0
26 26 1
27 27 1
28 28 0
29 29 0
30 30 0
31 31 0
32 32 0
33 33 0
34 34 1
35 35 0
36 36 1
37 37 1
38 38 1
39 39 0
40 40 1
41 41 1
42 42 0
43 43 1
44 44 1
45 45 0
46 46 0
47 47 0
48 48 1
49 49 1
50 50 1
51 51 0
52 52 0
53 53 1
54 54 0
55 55 1
56 56 0
57 57 0
58 58 0
59 59 0
60 60 1
61 61 1
62 62 1
63 63 0
64 64 1
65 65 0
66 66 0
67 67 0
68 68 0
69 69 0
70 70 1
71 71 0
72 72 0
73 73 0
74 74 0
75 75 0
76 76 1
77 77 0
78 78 0
79 79 1
80 80 0
81 81 0
82 82 0
83 83 0
84 84 1
85 85 1
86 86 0
87 87 0
88 88 1
89 89 1
90 90 1
91 91 1
92 92 0
93 93 0
94 94 0
95 95 1
96 96 1
97 97 0
98 98 1
99 99 0
100 100 0
23 78 1
16 44 1
20 34 0
98 75 1
27 77 1
54 1 1
73 31 0
72 21 1
88 15 0
65 45 1
97 88 1
26 15 0
18 87 1
5 29 0
42 99 1
93 21 0
14 57 0
74 94 0
45 87 0
51 13 0
31 38 0
96 3 0
64 82 1
65 33 0
13 5 1
34 13 0
7 9 0
65 54 0
33 90 1
100 25 1
45 98 1
69 7 0
57 72 0
65 14 0
70 33 1
87 24 0
48 18 0
84 40 0
11 41 1
42 27 1
75 37 1
2 51 0
22 51 0
52 36 0
60 28 1
77 38 0
91 58 0
88 20 0
15 34 1
43 20 0
34 44 0
52 15 1
79 58 1
12 98 1
25 82 1
82 27 0
79 43 0
89 5 0
4 25 0
4 67 0
81 25 1
94 54 1
56 96 0
35 64 1
68 75 0
58 44 0
74 53 1
87 28 1
92 60 1
31 15 1
61 79 0
14 13 0
63 66 1
30 87 1
82 26 0
75 36 0
10 47 1
9 27 1
44 62 0
57 38 1
55 70 0
95 35 1
67 45 1
4 14 0
60 71 1
88 98 1
18 30 0
18 55 1
62 18 1
48 61 1
24 99 0
94 83 1
52 78 1
5 52 1
66 9 0
73 100 0
42 96 1
82 18 0
61 24 1
77 70 0
18 17 0
57 44 1
41 48 1
91 66 1
92 64 1
72 13 0
59 54 1
9 21 1
68 27 0
98 72 0
60 7 1
36 97 1
13 26 0
44 37 0
43 64 1
86 56 1
52 6 1
42 22 0
19 95 0
54 69 1
43 11 0
34 74 0
4 13 1
55 39 0
66 43 0
66 67 0
50 45 1
39 59 1
78 32 1
89 12 0
95 52 1
17 39 1
17 28 0
18 99 1
31 86 1
81 44 1
98 56 0
48 80 1
80 84 0
94 12 1
50 72 1
92 35 1
27 34 1
85 55 1
73 93 0
68 88 0
53 95 0
65 21 1
65 99 0
96 92 1
2 64 0
79 82 1
9 39 0
53 40 0
99 51 1
70 77 0
21 3 0
15 74 1
61 91 0
11 5 1
93 54 0
49 40 1
59 60 1
62 86 0
18 68 0
99 83 0
9 83 1
86 84 1
21 92 1
29 3 1
84 8 0
77 36 1
2 16 1
60 19 0
83 82 0
48 60 1
58 70 0
96 21 1
46 39 1
23 54 0
57 94 0
32 74 0
5 48 1
32 10 0
82 11 0
53 16 0
97 13 0
44 69 0
3 91 1
21 80 1
51 28 1
12 38 1
13 79 0
81 75 0
17 23 1
26 63 0
85 41 0
10 24 0
68 9 1
46 80 0
92 93 1
88 65 0
28 75 1
86 58 1
36 7 1
56 14 1
75 46 1
17 33 0
59 77 0
12 83 1
65 10 0
53 61 1
100 41 0
75 86 1
93 9 1
53 29 1
54 84 0
19 86 1
25 7 0
45 24 0
40 15 0
86 44 0
68 3 1
55 72 1
62 70 1
65 49 1
90 10 0
4 92 1
42 67 0
21 58 1
52 66 0
40 9 1
54 100 1
89 71 0
9 98 1
71 78 1
21 73 1
36 24 1
70 9 1
28 24 1
6 79 1
80 75 1
27 66 1
85 78 0
38 11 1
63 43 0
9 30 1
3 59 0
87 57 1
48 78 0
78 73 0
82 4 1
70 39 1
25 17 0
25 15 1
27 45 0
42 82 0
70 25 0
5 57 0
98 81 1
15 81 0
2 20 0
35 87 1
5 21 0
4 75 1
29 43 0
46 93 1
14 89 1
80 20 1
24 78 1
41 60 1
11 60 1
69 83 0
27 9 0
4 64 0
32 85 1
28 13 1
38 2 1
91 27 0
59 66 0
81 13 0
85 88 1
55 100 1
24 46 1
41 44 0
48 32 1
29 72 0
31 64 1
41 90 0
43 75 1
63 65 0
48 3 0
71 8 0
76 44 0
91 24 0
8 34 0
94 50 0
16 34 0
27 43 0
55 78 0
1 33 0
17 3 0
39 90 0
99 1 0
65 16 0
84 56 0
90 85 0
86 1 1
98 78 1
75 84 1
74 4 0
21 85 0
53 8 1
8 99 1
56 30 1
88 78 1
73 67 1
71 31 1
16 94 0
42 34 0
76 99 1
26 22 1
22 31 1
92 50 1
50 47 0
28 11 1
97 9 0
26 21 1
35 32 0
68 35 0
91 74 0
79 92 1
57 84 0
63 49 0
96 24 1
65 6 0
26 99 1
57 37 1
67 9 1
9 45 0
6 57 1
85 74 0
30 51 1
68 63 0
44 58 1
61 40 1
26 53 1
36 28 0
79 53 0
21 45 0
26 68 0
79 77 0
40 38 1
70 65 1
50 54 1
10 39 0
6 97 0
71 88 1
28 56 1
31 25 1
14 12 0
44 63 1
91 8 0
19 41 1
98 10 1
15 92 1
62 6 0
34 63 1
14 9 0
71 15 0
78 34 1
79 63 0
71 100 0
86 83 0
36 91 1
100 36 0
78 98 0
82 67 0
61 88 0
87 75 1
31 7 1
73 79 0
72 86 0
98 14 1
88 6 0
2 94 1
55 64 0
98 50 1
14 98 1
84 51 1
41 91 1
73 78 1
48 6 1
56 41 1
93 77 0
100 43 0
89 83 1
31 59 1
35 36 1
45 77 0
18 8 1
71 46 1
22 94 0
23 89 0
54 52 1
33 50 0
38 36 0
52 34 0
72 53 0
38 28 0
24 61 0
63 76 0
3 29 1
64 83 0
24 72 0
36 77 1
54 35 0
32 60 0
32 91 0
38 81 0
3 45 0
75 99 1
98 33 1
23 62 0
37 56 1
62 46 1
48 88 1
95 59 1
58 92 1
54 93 0
57 27 1
80 79 0
10 14 1
72 20 1
96 76 1
86 28 0
21 5 1
74 12 0
57 14 1
32 43 0
28 19 1
95 80 0
32 77 0
49 56 0
43 62 0
41 85 0
26 7 0
70 51 0
76 23 1
1 19 1
44 54 0
20 15 1
42 31 0
21 91 0
67 80 0
25 78 0
70 18 0
64 72 1
46 40 1
37 89 0
81 77 1
51 4 1
43 7 0
8 10 1
32 62 0
18 33 1
57 74 0
32 38 0
61 12 0
47 32 1
38 50 0
22 95 1
52 72 0
96 57 0
99 37 0
8 24 0
18 21 1
24 30 1
15 38 0
9 57 0
75 8 1
67 24 0
99 64 1
48 4 0
67 85 0
49 62 1
43 82 1
42 85 0
81 79 1
56 3 1
87 36 0
35 48 1
40 23 1
43 76 0
61 74 0
30 72 1
64 97 1
96 75 0
97 52 0
59 43 0
76 41 0
64 66 1
32 49 0
30 5 0
67 38 0
24 14 0
25 67 1
31 2 1
8 27 1
17 36 0
65 95 1
8 25 1
18 24 1
46 4 0
72 29 0
9 67 0
75 26 1
11 26 1
30 60 1
92 36 1
22 56 1
73 85 1
70 41 1
79 75 1
18 39 1
37 42 0
10 63 0
92 25 1
12 91 1
78 95 0
72 88 0
29 9 0
50 61 1
57 49 0
59 53 0
54 40 0
12 52 1
28 100 0
87 12 1
86 89 0
75 83 1
26 85 1
94 19 0
32 47 1
48 46 0
34 94 1
68 6 0
54 33 1
77 65 1
78 63 0
89 93 1
43 74 0
12 84 0
9 37 0
88 99 1
84 72 1
84 76 1
6 36 0
43 61 0
20 59 1
39 30 1
38 55 1
29 49 1
97 23 0
17 75 1
22 4 1
9 81 0
67 25 1
92 20 0
9 4 1
9 84 1
70 82 1
68 12 1
9 31 0
67 75 1
56 51 0
87 47 0
23 33 0
100 86 1
87 66 0
14 16 1
15 70 1
37 26 0
23 58 0
70 15 1
5 23 1
63 50 1
99 29 0
81 89 0
67 57 1
78 41 1
76 75 0
74 96 0
58 16 1
46 25 1
10 33 0
88 44 1
50 34 1
92 17 0
62 83 0
79 84 0
67 29 0
94 24 0
61 5 1
56 60 1
74 60 1
16 70 1
44 47 1
39 55 1
54 27 1
76 85 0
69 90 0
47 88 0
67 92 1
2 74 1
85 96 1
12 23 1
21 95 1
72 79 0
79 89 1
14 60 1
18 41 0
74 1 0
54 32 0
42 2 1
58 47 1
50 44 0
20 7 0
49 59 1
61 96 1
25 41 1
33 67 1
17 57 0
56 89 1
60 45 0
91 88 1
76 34 0
26 51 0
19 33 0
35 61 0
80 58 0
65 78 1
56 11 1
59 39 0
42 79 1
1 31 0
41 87 0
46 59 1
98 48 1
59 93 1
47 28 1
63 10 0
80 78 0
1 27 0
88 64 0
53 48 0
25 44 1
3 68 0
17 67 0
97 6 1
34 77 1
15 67 1
59 62 1
15 27 1
21 97 0
72 3 1
68 23 1
2 39 0
47 21 1
67 56 1
79 60 1
75 23 0
36 37 0
76 94 0
59 9 0
24 98 1
6 84 0
32 30 1
75 19 1
94 75 0
41 12 0
6 5 1
96 84 0
46 58 0
93 91 0
90 18 0
2 33 1
15 80 1
77 73 1
54 91 0
29 44 0
74 73 0
66 14 1
37 99 1
38 73 1
58 66 0
58 52 1
80 33 0
84 15 1
85 12 1
88 73 0
44 32 1
30 43 0
11 97 1
96 70 1
40 50 0
77 34 1
81 18 1
11 44 0
28 85 0
98 6 1
15 33 0
5 62 0
29 47 1
69 95 0
79 81 0
89 69 1
31 70 0
63 16 1
19 89 0
95 11 1
74 62 0
71 37 1
18 61 0
33 31 0
16 28 0
44 27 1
92 97 0
25 98 0
26 54 1
67 10 0
41 53 0
75 9 0
66 98 0
59 67 1
4 46 0
32 48 0
54 5 0
98 76 1
7 52 0
27 85 0
41 71 1
39 97 1
82 13 1
29 19 0
8 49 0
13 91 0
13 31 1
86 72 1
71 73 1
4 5 1
75 60 1
72 49 0
16 43 1
62 11 1
13 63 1
82 94 1
3 23 1
82 56 0
6 63 0
8 86 1
78 4 0
79 66 1
46 35 0
65 98 1
40 21 1
39 63 1
97 92 1
92 28 0
67 3 1
11 83 0
89 34 1
38 69 0
51 71 0
11 8 0
3 75 1
37 92 0
25 3 0
47 60 0
13 41 1
72 58 1
9 19 1
21 66 0
99 31 1
96 22 0
50 65 1
10 46 0
2 18 1
52 61 0
5 12 0
18 20 1
20 42 0
28 64 0
86 45 1
44 99 0
8 29 0
52 21 1
3 34 0
37 11 1
3 10 1
33 51 0
72 8 0
52 99 1
41 81 1
2 57 1
38 58 1
81 57 1
62 39 1
47 77 0
48 9 0
63 2 0
15 84 1
65 12 1
96 59 1
9 51 0
91 54 0
79 15 0
12 65 0
97 2 0
78 13 0
50 26 1
20 35 1
76 8 0
2 47 1
96 98 0
18 27 0
98 77 1
98 93 1
44 8 0
12 73 0
3 19 0
78 70 1
6 85 0
22 40 0
58 83 0
13 76 1
55 69 0
16 81 1
29 37 0
78 9 0
41 93 1
44 28 0
14 61 0
33 87 1
3 50 1
73 99 0
91 57 0
33 56 0
12 4 1
30 63 1
25 10 0
4 24 1
76 64 1
51 45 1
96 2 0
88 58 0
74 64 1
47 8 0
27 68 0
62 42 1
46 48 1
86 87 0
11 34 0
71 70 0
93 55 0
61 95 1
3 88 0
76 79 1
92 30 0
72 41 0
66 17 0
51 24 1
13 74 1
59 27 0
98 11 0
56 44 1
90 12 1
37 1 0
80 47 0
93 85 0
59 46 0
98 44 0
97 59 1
15 51 0
69 71 1
66 47 0
8 23 1
12 2 1
17 7 1
63 58 0
23 83 1
90 32 1
23 9 0
34 87 0
66 20 0
92 34 0
13 97 0
69 31 0
41 23 0
77 42 0
