20 199
15 20 0
7 10 0
1 11 0
1 5 0
13 3 1
14 1 0
19 2 1
1 12 1
19 19 0
1 1 1
2 19 1
19 15 1
17 10 0
1 15 1
13 5 0
9 4 0
11 16 0
2 6 0
6 13 0
1 20 0
7 3 1
19 11 0
12 7 0
9 20 0
6 19 1
17 9 1
12 11 1
15 16 0
5 6 1
9 16 0
18 8 1
16 20 0
14 17 0
13 7 1
17 15 0
18 1 0
12 9 1
11 19 0
12 20 1
1 18 1
10 1 0
11 14 0
12 13 0
13 9 1
4 10 0
7 7 0
13 16 1
8 18 1
2 5 1
4 9 1
11 20 0
11 4 1
8 4 1
19 13 0
8 3 1
1 14 0
6 8 1
9 7 0
15 12 0
5 12 1
5 17 0
19 14 0
13 4 1
7 1 1
15 18 0
5 9 0
2 12 1
7 19 0
1 9 1
17 18 0
13 17 0
13 13 0
5 19 0
1 7 0
8 19 1
5 11 1
14 2 0
13 20 1
5 5 1
20 8 0
14 8 0
9 6 1
19 7 1
11 6 0
10 15 0
6 17 0
14 19 1
5 15 1
9 9 1
1 6 1
14 6 0
17 3 1
20 20 0
7 16 0
18 14 1
13 12 0
19 12 0
6 14 1
11 18 0
9 8 0
8 7 1
6 18 0
2 16 1
17 1 1
20 12 0
17 7 1
8 1 1
3 20 1
3 14 1
3 13 0
4 2 1
15 8 0
18 19 0
7 15 1
20 3 0
20 13 0
6 15 0
13 2 1
7 6 1
11 1 0
5 8 1
9 14 1
17 8 0
11 9 1
10 2 1
8 20 0
7 20 1
11 13 0
8 5 1
9 12 0
7 2 1
4 7 1
5 13 1
9 19 0
15 10 0
3 6 0
16 12 0
11 10 1
15 13 0
1 16 0
19 4 0
6 2 0
10 8 0
6 16 1
17 19 1
14 5 0
7 14 0
15 17 1
4 3 0
5 20 1
6 10 0
18 18 1
11 15 1
8 8 1
18 9 1
20 10 0
5 18 1
1 13 0
18 7 1
2 13 0
10 18 1
8 17 0
13 10 1
18 11 0
10 20 0
16 3 0
3 9 1
9 1 1
20 15 1
3 17 1
7 5 0
8 15 1
16 17 0
17 4 1
6 3 0
1 8 1
6 20 1
12 16 1
18 13 0
4 19 0
3 2 1
20 5 1
4 18 0
18 4 1
15 1 0
2 1 1
14 20 1
13 15 1
17 20 0
18 2 0
11 12 0
4 13 0
12 8 1
20 14 1
15 9 1
6 9 0
3 11 1
6 12 1
3 15 0
