20 197
14 3 0
19 12 0
12 11 0
5 18 0
1 3 0
2 12 0
4 17 0
18 11 0
16 18 1
10 2 1
17 10 0
1 7 0
11 20 0
8 20 0
3 6 0
3 8 0
4 13 0
7 12 0
11 3 1
5 8 1
3 10 1
13 17 0
20 19 1
9 3 0
1 10 0
13 6 1
9 10 0
13 15 0
1 16 0
16 9 0
19 1 0
2 18 0
12 9 1
5 6 0
2 20 1
8 16 0
20 11 1
13 14 1
15 17 0
8 4 1
8 8 1
17 17 1
16 2 1
5 13 1
11 9 1
16 15 0
20 18 1
9 14 1
1 2 0
10 8 0
19 5 0
2 19 1
6 1 1
19 8 1
7 20 1
17 14 0
9 9 1
7 1 1
20 5 0
14 15 1
5 19 1
6 7 0
8 5 0
8 11 1
3 3 0
18 18 0
16 6 0
13 7 0
9 6 0
6 18 1
2 15 1
17 7 0
14 12 1
5 1 1
16 4 1
8 14 1
19 19 0
12 3 1
14 17 0
3 15 0
4 12 0
13 12 1
9 1 1
3 20 1
17 8 1
18 3 0
12 16 0
10 7 1
10 4 0
15 4 1
18 8 1
4 16 1
20 7 0
17 19 0
19 2 0
5 7 0
13 16 1
6 11 1
15 3 0
6 20 1
15 7 1
18 5 0
9 15 1
14 11 0
5 15 1
18 4 0
8 3 1
3 2 0
18 9 0
12 1 0
18 10 1
16 16 1
15 10 1
15 8 1
12 10 0
14 16 1
4 7 0
15 15 0
2 7 1
19 10 1
8 18 1
18 7 0
17 6 0
13 2 1
7 13 1
4 10 1
20 3 1
16 13 1
8 9 0
12 6 0
8 10 1
12 8 1
19 15 1
17 20 0
5 12 0
4 9 0
12 12 0
7 19 1
5 20 1
4 20 1
18 17 0
2 3 0
9 5 0
7 4 1
19 7 0
4 1 0
11 1 1
20 8 1
9 7 1
2 13 0
14 6 1
19 17 1
2 11 1
15 13 0
8 13 0
6 6 1
10 20 1
15 12 1
9 16 1
2 17 1
20 1 1
14 19 1
2 6 1
17 4 1
19 14 0
14 10 0
12 17 1
16 3 0
11 12 1
19 16 1
7 6 0
2 10 1
18 14 1
12 4 1
9 8 0
5 4 1
17 15 1
3 7 1
17 5 1
3 4 0
1 12 0
10 10 0
7 10 0
13 4 1
1 17 0
2 5 1
2 16 1
16 7 1
17 11 1
18 16 1
16 10 1
1 5 1
9 19 1
7 3 0
14 1 0
4 8 1
3 16 1
