100 1000
1 1 1
2 2 1
3 3 1
4 4 1
5 5 0
6 6 1
7 7 1
8 8 1
9 9 0
10 10 0
11 11 1
12 12 0
13 13 1
14 14 0
15 15 1
16 16 0
17 17 0
18 18 1
19 19 0
20 20 1
21 21 1
22 22 1
23 23 1
24 24 0
25 25 1
26 26 0
27 27 0
28 28 0
29 29 0
30 30 1
31 31 1
32 32 0
33 33 0
34 34 1
35 35 1
36 36 1
37 37 1
38 38 0
39 39 1
40 40 1
41 41 1
42 42 0
43 43 1
44 44 1
45 45 1
46 46 1
47 47 1
48 48 0
49 49 0
50 50 0
51 51 1
52 52 0
53 53 1
54 54 0
55 55 0
56 56 0
57 57 0
58 58 0
59 59 1
60 60 0
61 61 0
62 62 0
63 63 1
64 64 0
65 65 1
66 66 0
67 67 0
68 68 1
69 69 1
70 70 1
71 71 0
72 72 0
73 73 1
74 74 1
75 75 1
76 76 0
77 77 0
78 78 0
79 79 0
80 80 0
81 81 1
82 82 0
83 83 0
84 84 1
85 85 1
86 86 1
87 87 1
88 88 1
89 89 0
90 90 0
91 91 0
92 92 0
93 93 1
94 94 1
95 95 1
96 96 0
97 97 1
98 98 1
99 99 0
100 100 0
88 11 1
25 89 1
85 10 0
5 34 0
8 50 0
69 6 0
84 85 0
81 77 0
26 36 0
91 90 1
61 27 1
28 15 0
5 41 1
63 31 0
56 80 0
67 59 1
14 10 0
78 79 1
62 61 0
79 46 1
6 73 0
21 54 1
47 46 1
66 10 1
14 32 0
62 75 1
93 50 1
18 88 1
39 10 0
88 96 0
28 67 1
95 30 0
56 35 0
18 82 1
82 71 1
35 14 1
88 61 1
76 32 0
45 58 0
40 60 0
6 14 0
41 67 1
24 93 1
92 35 0
70 23 1
38 46 0
86 57 1
68 62 0
49 52 0
46 48 0
13 25 0
8 18 0
89 25 1
9 93 0
55 19 0
33 42 0
34 25 0
18 66 1
58 95 1
7 28 1
52 46 1
19 77 0
71 69 0
96 14 0
44 79 1
40 91 1
70 87 0
27 82 1
36 35 0
90 72 0
51 19 0
72 69 1
93 86 0
86 69 0
41 93 0
59 53 1
26 38 1
83 95 1
51 23 0
64 73 0
11 19 1
36 66 0
90 30 1
36 34 0
89 96 0
71 78 0
51 97 1
60 70 1
33 13 1
29 51 1
99 28 0
44 49 0
10 62 0
97 24 1
50 8 0
67 52 1
87 43 1
40 26 1
21 43 0
41 51 1
63 37 1
40 94 0
59 60 0
35 57 1
21 70 1
4 28 0
69 85 1
54 45 1
14 52 1
28 25 1
57 71 1
72 19 1
50 85 1
98 20 1
95 66 0
82 44 0
38 99 0
44 57 0
25 22 0
49 39 1
63 24 1
55 62 0
5 81 0
59 21 0
43 5 1
100 34 0
33 86 0
76 79 1
90 63 0
76 7 0
19 58 1
82 61 1
53 79 1
34 59 1
30 41 0
57 97 1
98 61 1
4 54 0
20 32 0
27 65 1
47 16 1
38 25 0
80 29 1
60 69 0
16 49 1
15 70 0
29 74 1
40 97 0
42 75 0
52 87 1
88 78 1
33 14 0
94 65 1
34 44 1
51 40 0
75 78 1
90 97 1
83 22 0
95 34 0
97 1 1
18 32 1
8 24 1
15 81 1
14 94 1
77 82 0
54 24 0
17 74 0
25 11 1
89 84 1
82 62 0
34 85 1
93 77 1
25 99 1
17 27 1
17 20 1
52 62 1
6 2 1
28 81 1
41 83 1
49 43 0
5 11 0
27 53 1
82 50 1
47 93 1
95 71 1
52 81 1
39 42 1
32 67 0
65 60 0
47 95 0
30 35 1
23 87 1
53 3 1
12 58 0
68 70 1
22 100 0
44 73 0
13 28 0
53 15 1
59 42 0
70 49 1
45 37 1
75 66 1
96 15 1
25 28 1
42 100 1
89 73 1
84 60 0
63 84 1
74 37 0
1 37 1
14 98 0
54 60 1
72 89 0
8 64 0
41 85 0
94 40 1
74 95 0
11 95 1
43 52 0
9 20 1
89 11 0
97 12 0
34 31 0
13 76 0
23 30 0
49 77 0
81 21 0
31 83 1
68 37 1
84 52 1
13 32 0
84 82 1
59 31 0
51 37 1
16 86 0
4 100 0
23 6 0
25 53 0
99 73 1
5 45 1
98 83 1
91 21 0
42 26 1
57 8 0
81 100 0
87 94 0
44 29 0
56 73 1
72 1 0
1 11 0
16 36 1
97 93 0
75 19 1
19 98 1
64 69 1
88 81 1
35 96 1
81 68 0
67 48 0
12 100 1
62 83 0
20 15 1
90 78 0
46 75 0
10 8 0
69 88 0
53 77 1
17 78 0
27 71 1
18 6 0
13 24 1
34 11 1
32 28 0
92 77 1
43 42 1
59 83 0
52 47 1
4 40 1
19 31 0
19 81 1
72 65 1
49 20 0
93 4 0
27 49 0
43 35 0
28 90 1
26 50 1
1 77 0
61 60 1
54 63 0
59 96 1
1 43 0
67 3 0
41 2 1
80 18 1
9 86 0
60 59 0
1 56 0
5 79 1
28 29 1
56 2 1
85 65 0
64 22 1
66 26 0
62 50 0
75 35 0
99 43 0
29 93 1
64 74 0
69 17 1
15 61 1
67 20 1
98 42 0
84 9 1
16 46 0
40 71 0
42 40 0
99 96 0
98 28 1
89 61 0
93 38 1
48 40 1
3 16 0
12 66 0
69 90 0
21 92 1
2 81 0
94 74 1
30 14 0
86 74 0
62 12 1
86 16 1
90 7 1
58 29 1
75 95 1
27 66 0
92 84 1
91 40 0
50 70 1
11 75 0
9 48 0
70 24 1
48 76 1
45 79 1
53 89 1
64 58 0
36 85 1
71 52 0
46 41 0
7 14 0
88 73 0
34 78 1
15 64 1
96 69 1
52 44 1
53 26 1
51 26 1
42 36 0
56 95 0
42 70 0
2 80 1
69 72 0
10 2 1
7 29 0
85 28 0
56 40 1
25 26 0
23 41 1
30 79 0
95 9 1
91 65 1
51 100 0
14 75 0
70 88 1
17 12 1
4 1 0
7 36 1
67 40 0
23 16 0
10 29 0
10 100 0
60 75 0
70 73 1
34 69 1
32 23 0
53 28 1
98 21 1
96 4 0
64 83 0
73 95 1
54 31 1
22 32 1
25 1 1
77 58 0
87 6 0
88 5 0
2 45 1
7 37 1
56 78 0
1 21 1
88 86 1
42 76 1
16 61 1
85 40 1
87 51 1
83 51 0
8 61 1
97 15 0
13 83 0
6 11 0
42 88 0
53 4 0
36 97 0
23 80 1
33 92 1
20 23 1
63 7 1
5 75 1
29 73 0
4 56 1
85 82 0
13 23 1
17 73 0
63 50 1
10 12 1
91 10 0
81 67 1
66 51 0
54 84 1
43 94 0
70 96 0
10 92 0
19 32 1
70 44 0
72 23 1
44 91 1
77 26 1
42 81 0
77 24 0
39 49 1
44 20 1
11 43 0
19 88 1
40 25 0
93 15 1
57 88 1
51 45 1
91 58 0
55 56 0
8 38 0
55 93 0
14 55 0
94 4 0
83 82 0
31 9 1
79 65 1
67 27 1
7 51 1
50 32 1
4 95 0
69 97 1
81 56 1
4 35 1
46 89 1
46 52 1
14 65 0
91 30 0
2 42 1
77 9 1
58 38 1
51 43 0
48 14 0
51 77 1
82 1 0
99 30 1
9 41 0
63 23 1
41 10 1
74 38 0
63 44 0
27 35 1
78 60 1
97 9 1
42 46 1
68 12 1
57 42 0
61 89 1
38 10 1
82 58 0
23 9 1
15 57 0
75 37 0
56 58 0
55 22 0
19 24 0
81 29 0
40 24 1
89 62 0
56 75 0
49 55 0
56 71 0
44 99 1
86 40 1
10 23 0
4 37 1
61 48 0
52 64 0
41 46 0
9 36 0
10 36 0
79 85 1
64 56 0
2 93 0
1 80 0
71 48 1
70 83 0
97 43 1
20 83 0
22 69 0
53 70 1
6 49 0
53 38 1
61 26 0
65 53 0
65 18 1
55 46 0
97 30 1
64 78 0
79 11 0
95 28 0
32 82 0
18 85 0
67 26 1
11 12 1
64 13 1
10 33 0
29 31 1
74 18 1
11 65 0
48 95 1
52 99 0
79 96 1
72 6 1
60 29 1
66 52 0
16 67 1
36 100 0
77 74 0
39 18 0
22 34 1
36 25 0
70 7 1
94 83 0
47 85 0
67 14 1
91 20 0
80 34 0
6 81 1
28 64 1
78 93 1
94 79 1
10 14 1
28 14 1
49 74 1
94 35 0
34 86 0
4 45 0
50 63 1
56 72 0
85 38 0
2 35 1
42 38 0
69 39 1
54 35 0
17 72 0
61 75 1
97 22 0
41 29 0
87 79 1
82 48 0
59 11 1
54 71 1
67 9 0
83 15 0
84 87 1
45 23 1
52 69 0
31 55 0
50 30 1
64 41 0
84 48 0
3 37 0
96 93 0
48 33 1
86 39 1
57 85 1
1 98 0
54 42 1
15 34 1
80 24 0
22 1 1
4 50 0
53 51 0
70 72 1
13 51 1
73 93 0
94 80 0
17 30 0
62 35 1
3 47 1
69 62 1
89 80 1
38 32 1
81 71 0
78 31 0
20 16 1
55 99 1
10 39 1
1 47 1
48 18 1
20 46 0
60 18 0
18 69 1
37 75 0
17 80 0
3 34 1
46 23 1
82 96 1
58 75 1
22 11 1
10 15 0
49 32 1
67 87 0
94 45 1
36 55 0
30 9 0
8 98 1
82 31 1
73 84 0
49 86 1
64 65 0
61 68 1
37 70 0
86 21 1
56 61 0
26 41 1
21 28 1
86 43 1
98 23 1
78 30 1
23 5 0
76 37 1
83 24 0
27 3 0
5 28 0
74 30 1
82 5 0
64 47 0
18 100 1
33 15 1
96 6 1
44 39 1
51 50 1
41 14 0
22 15 1
28 99 1
9 1 1
10 70 0
98 43 1
17 62 1
65 85 1
33 51 0
51 34 1
38 9 1
54 1 1
83 6 0
47 10 1
8 52 1
53 91 0
100 74 0
3 2 0
48 71 1
22 54 1
40 51 1
90 68 1
39 50 0
49 24 1
87 11 0
97 70 0
73 23 0
22 70 0
48 3 0
97 87 1
96 80 0
80 66 1
11 25 1
58 33 1
94 8 0
80 96 0
96 94 0
71 81 0
98 26 1
28 19 1
40 74 0
29 3 0
95 83 0
44 12 0
15 2 0
37 88 1
96 52 0
55 63 0
92 57 0
100 78 0
38 80 1
82 38 1
47 63 1
89 83 0
80 39 1
70 89 0
72 58 0
70 34 1
95 8 0
35 45 1
90 87 1
87 90 1
48 28 0
63 99 0
81 83 0
20 61 0
12 5 1
7 43 1
26 80 0
94 28 1
96 32 1
78 61 0
99 8 0
32 54 0
80 6 1
35 62 0
64 32 0
60 41 1
5 55 0
18 46 1
66 48 1
5 96 0
55 34 1
38 58 1
81 31 1
8 31 0
20 37 1
78 11 0
91 89 0
47 67 1
29 15 0
38 73 1
39 52 1
89 74 1
9 87 0
32 15 1
100 1 1
79 4 1
69 27 1
98 46 1
50 86 1
74 90 1
66 74 0
51 48 0
26 20 1
71 88 0
15 60 0
41 69 1
78 13 1
13 49 0
11 5 0
7 69 1
19 3 1
36 60 1
95 48 0
83 38 0
42 60 0
54 98 0
91 53 1
50 39 1
12 45 0
76 19 0
80 27 0
6 57 0
25 32 0
11 1 0
25 68 0
44 53 0
49 60 0
97 67 0
30 8 1
2 66 0
39 47 1
46 14 0
98 25 0
90 15 1
13 20 1
88 92 0
91 34 0
69 89 0
35 66 1
27 54 0
42 99 0
68 66 1
32 25 1
15 89 1
23 40 0
82 74 1
2 92 1
16 33 1
33 4 0
51 52 1
83 61 1
13 2 0
17 32 1
81 51 1
72 34 0
76 50 1
99 83 1
52 70 1
30 85 1
35 52 0
15 41 1
63 53 0
32 80 1
62 100 1
49 27 0
43 100 1
85 44 1
64 85 1
66 81 0
100 64 0
87 91 1
98 50 1
74 44 0
32 91 0
14 49 1
62 90 1
47 97 0
78 45 1
47 29 1
28 89 1
15 12 1
24 50 1
60 1 0
83 50 0
73 96 0
80 9 0
76 43 1
20 60 1
22 94 0
19 59 0
19 64 0
14 86 1
43 58 0
17 45 1
52 21 1
44 18 0
46 65 0
94 91 0
14 4 1
96 50 0
6 86 0
69 3 0
91 69 0
21 85 0
48 68 0
14 38 1
34 33 1
34 79 0
96 25 0
24 89 1
79 6 1
53 95 1
90 33 0
93 5 0
10 60 1
22 36 1
66 35 0
73 82 0
16 32 1
2 94 1
11 90 1
15 47 1
43 40 1
99 67 1
85 49 1
77 95 0
85 97 1
88 13 1
38 82 1
99 32 1
95 25 1
46 87 1
60 10 1
62 23 0
