20 195
3 1 1
16 7 1
1 19 1
3 16 0
12 4 1
9 6 0
5 7 1
4 11 1
7 5 0
16 8 0
12 11 0
3 18 0
19 5 1
8 5 0
17 9 1
2 3 1
7 12 0
2 13 1
11 17 0
11 6 1
17 7 0
10 17 1
17 14 0
14 7 1
20 13 1
10 20 0
13 9 1
18 3 0
19 9 0
11 9 0
2 6 1
12 5 0
15 19 0
15 18 0
19 17 0
8 9 0
20 7 1
9 8 1
16 2 1
15 14 1
5 2 0
20 16 0
18 8 0
7 8 0
12 17 0
9 17 1
8 14 1
11 14 0
11 16 0
14 13 1
9 10 1
15 1 0
6 11 0
1 13 1
10 6 1
19 8 0
18 9 0
18 1 1
16 17 1
20 3 0
6 14 0
17 13 1
15 17 0
6 17 0
12 19 1
20 12 1
18 2 1
20 17 1
10 3 0
13 19 0
12 15 0
8 3 1
18 11 1
7 2 1
19 3 1
13 17 0
6 2 0
4 13 0
18 13 1
13 7 1
4 19 0
15 4 0
8 15 0
16 5 0
9 7 0
1 5 0
7 14 1
14 18 0
17 11 0
16 3 1
20 2 1
10 19 0
19 14 1
7 13 0
20 10 1
9 19 0
8 18 1
6 5 0
4 17 1
17 12 1
6 3 1
5 6 0
9 15 0
16 20 1
20 8 0
5 1 1
10 18 1
2 18 1
19 13 0
19 20 1
13 10 0
11 8 1
14 1 1
16 6 0
2 16 0
16 9 0
2 7 1
3 14 1
17 1 1
15 6 1
13 4 0
6 19 0
6 9 0
1 20 1
18 4 0
10 16 1
3 3 0
1 18 0
15 8 1
16 12 1
12 16 1
11 18 1
12 3 1
14 20 0
6 1 0
2 2 1
5 18 0
10 15 0
20 6 1
13 14 0
14 15 1
13 5 0
1 4 1
5 4 0
3 20 1
3 7 0
13 6 0
17 15 0
14 5 0
2 9 1
16 13 1
19 15 0
4 5 1
4 15 0
1 12 0
8 8 1
19 11 0
10 5 0
5 12 1
7 4 1
1 6 0
17 20 1
12 18 1
11 12 1
5 19 0
15 3 1
4 18 1
19 10 0
5 11 0
10 1 0
6 18 0
18 7 1
9 4 0
6 20 0
5 8 1
16 4 0
9 11 1
9 3 1
3 4 1
14 4 1
1 14 1
2 10 1
18 12 1
1 1 0
8 13 1
2 4 0
8 16 1
20 11 0
6 16 1
10 7 1
18 18 1
18 17 0
1 10 1
17 4 1
15 2 1
