20 198
20 20 1
1 1 0
11 13 1
2 14 0
20 6 0
2 18 0
17 1 0
13 13 0
15 7 0
10 8 1
8 1 0
16 5 0
10 18 0
3 17 1
5 15 1
12 18 1
12 6 1
18 17 1
16 18 1
17 15 1
18 20 0
20 1 1
13 2 0
2 19 1
7 2 1
11 15 0
7 6 0
18 3 1
17 2 1
14 20 0
6 8 0
4 12 1
1 20 0
17 4 1
10 13 1
4 8 1
11 2 1
3 8 1
2 2 0
8 19 0
5 9 1
15 2 0
11 7 0
2 17 0
6 4 1
6 10 0
7 17 0
11 19 0
1 8 1
7 9 0
3 18 1
4 7 0
20 13 1
12 4 0
14 16 1
12 17 1
11 1 0
1 19 1
13 9 0
1 9 1
12 5 1
17 13 0
1 15 1
12 7 1
5 6 0
9 15 0
5 16 1
15 5 0
7 14 0
4 6 0
1 17 0
6 19 0
2 9 0
16 7 0
1 6 1
11 10 0
14 14 1
8 10 1
7 16 0
18 12 0
18 4 1
18 9 1
9 16 0
11 12 1
13 18 0
19 16 1
18 14 1
2 13 0
6 7 0
11 18 1
3 4 1
7 7 1
4 4 0
19 17 1
8 7 1
12 2 1
18 1 0
20 9 0
7 3 1
8 8 1
15 8 1
14 4 0
13 4 0
5 12 1
4 1 0
1 18 1
1 2 1
18 19 0
6 11 1
8 2 0
7 8 1
10 3 1
2 16 1
11 20 0
10 15 1
9 12 1
3 9 0
13 3 1
8 11 1
4 17 0
19 11 1
10 12 1
10 19 1
9 5 0
2 5 0
12 11 1
10 1 0
15 16 1
4 14 1
19 15 0
20 11 0
8 9 1
5 5 1
12 10 0
4 16 1
10 10 0
16 12 1
11 17 1
9 2 1
9 9 0
9 20 0
4 13 0
5 14 1
10 7 0
15 4 0
10 4 0
19 8 0
5 3 1
14 19 0
9 14 1
11 6 1
13 15 1
2 12 0
6 18 1
14 17 0
6 2 0
19 13 0
1 3 0
15 15 1
10 5 1
19 1 0
20 17 0
4 19 1
5 7 0
14 8 0
3 2 1
8 15 1
4 11 0
3 6 0
9 7 0
5 17 0
16 11 1
19 14 0
1 16 1
6 17 0
1 5 1
7 15 1
3 16 1
14 18 0
5 1 0
6 6 0
6 9 1
13 14 0
8 16 1
4 2 1
15 9 0
20 16 1
3 14 1
19 18 1
10 14 1
20 5 1
8 5 0
6 12 1
15 1 0
19 7 1
17 7 1
2 6 1
19 19 1
