20 190
16 13 0
13 9 1
10 16 0
9 11 0
8 5 0
5 15 0
2 5 0
9 4 1
19 12 1
20 16 0
20 20 0
13 1 1
1 1 1
14 3 0
20 9 1
7 14 0
1 12 0
17 19 0
4 2 0
20 11 1
5 12 1
2 18 0
14 7 1
7 13 1
1 7 1
15 11 0
9 2 0
6 8 1
7 17 1
20 15 0
14 6 0
7 19 1
18 5 1
18 17 0
6 10 1
5 10 0
4 5 0
8 9 0
15 9 0
3 8 1
3 1 1
20 5 1
12 7 0
15 2 0
10 9 1
17 7 1
19 5 0
19 4 1
2 3 0
3 7 1
10 10 0
14 17 0
14 2 1
2 11 1
17 13 0
11 15 0
3 10 1
1 8 0
7 18 1
11 19 1
20 12 0
5 17 0
1 4 1
13 5 1
18 6 0
19 2 0
5 14 0
9 5 1
17 3 0
14 9 0
15 13 0
16 10 1
15 19 0
14 12 0
20 1 0
11 11 1
2 2 0
13 4 1
4 15 0
12 14 0
3 4 0
9 18 1
9 17 1
14 15 1
15 10 1
9 19 1
4 8 0
5 16 1
16 19 1
1 18 0
4 13 0
12 13 1
19 17 0
11 20 1
19 19 0
10 15 0
2 14 0
19 6 1
15 7 1
3 12 1
17 8 0
7 1 1
7 7 1
8 8 0
18 18 1
8 14 0
15 6 1
3 13 0
19 11 1
16 12 0
18 2 0
16 2 1
18 4 1
20 4 0
6 7 0
8 13 1
14 5 0
18 15 0
16 6 1
13 16 0
4 7 0
8 15 0
4 10 0
19 10 0
9 16 0
5 7 0
19 3 1
15 16 0
7 12 0
2 15 0
16 14 1
11 1 0
7 15 1
12 2 1
9 10 0
11 18 0
8 7 1
5 9 0
10 19 1
11 4 0
2 1 0
15 18 1
10 5 0
19 15 1
20 7 0
17 9 0
15 12 0
18 1 0
13 14 1
1 10 0
16 4 1
20 10 1
9 6 0
17 14 1
14 10 0
16 17 0
1 2 0
9 14 0
15 8 1
7 16 1
6 2 0
1 14 0
5 13 0
12 1 0
13 6 1
17 17 1
10 17 0
1 5 0
9 20 1
3 17 1
19 16 0
11 12 0
17 12 1
1 20 1
12 15 0
1 3 0
8 12 0
1 15 1
2 4 1
11 3 1
14 20 1
3 19 1
16 3 1
17 10 1
5 2 0
16 7 0
14 19 0
2 8 0
7 6 1
16 16 1
