100 1000
1 1 1
2 2 1
3 3 0
4 4 0
5 5 1
6 6 1
7 7 1
8 8 0
9 9 1
10 10 1
11 11 0
12 12 0
13 13 1
14 14 1
15 15 0
16 16 1
17 17 0
18 18 0
19 19 1
20 20 1
21 21 1
22 22 0
23 23 0
24 24 0
25 25 1
26 26 1
27 27 0
28 28 1
29 29 0
30 30 0
31 31 0
32 32 0
33 33 1
34 34 1
35 35 1
36 36 0
37 37 1
38 38 1
39 39 1
40 40 0
41 41 0
42 42 1
43 43 0
44 44 1
45 45 1
46 46 1
47 47 0
48 48 1
49 49 0
50 50 0
51 51 1
52 52 1
53 53 0
54 54 0
55 55 0
56 56 0
57 57 1
58 58 0
59 59 1
60 60 0
61 61 1
62 62 0
63 63 0
64 64 0
65 65 0
66 66 1
67 67 0
68 68 1
69 69 0
70 70 0
71 71 1
72 72 1
73 73 1
74 74 0
75 75 0
76 76 1
77 77 1
78 78 0
79 79 1
80 80 1
81 81 0
82 82 0
83 83 0
84 84 1
85 85 1
86 86 1
87 87 0
88 88 0
89 89 0
90 90 1
91 91 0
92 92 0
93 93 0
94 94 0
95 95 0
96 96 0
97 97 0
98 98 1
99 99 0
100 100 0
23 60 1
71 39 0
53 29 1
50 74 1
81 59 1
55 47 0
34 27 0
26 11 1
45 83 1
99 41 0
6 54 0
10 54 0
10 44 0
37 98 0
86 27 1
76 70 1
55 33 0
57 39 0
10 71 0
86 61 0
51 42 0
56 47 1
8 2 0
40 69 0
58 47 0
12 3 0
68 63 0
32 15 1
79 28 0
19 13 0
42 25 1
14 78 0
21 93 0
70 71 1
17 46 0
39 34 1
61 30 0
100 70 0
54 19 1
82 44 1
39 87 1
65 2 1
83 12 1
50 33 0
27 33 0
24 69 1
2 45 0
81 60 1
7 38 0
18 45 1
62 93 1
56 8 0
86 97 0
76 89 1
51 47 0
49 74 1
83 32 0
9 79 1
52 11 1
58 62 1
63 68 0
68 65 1
12 94 1
75 48 1
79 51 0
35 82 1
42 88 1
86 45 0
54 84 0
21 100 1
43 49 0
73 96 0
49 83 1
8 63 0
52 70 1
44 99 0
8 73 1
14 17 0
72 11 0
56 65 0
9 30 1
69 90 0
21 54 1
95 29 0
79 22 0
64 55 1
35 65 0
37 58 0
9 49 1
49 81 0
74 62 0
31 77 0
67 35 0
96 91 1
56 22 0
94 57 1
48 15 1
38 48 1
95 77 1
83 41 1
93 18 1
82 90 1
3 97 0
64 88 1
9 43 0
66 89 1
27 65 1
41 48 0
65 9 0
74 83 1
64 95 1
97 72 0
59 65 0
9 27 1
29 68 0
71 95 0
82 9 1
48 93 1
26 73 1
43 12 1
95 56 0
90 43 1
78 47 0
88 55 1
39 18 1
13 50 0
41 23 1
6 88 0
54 33 0
18 68 1
70 28 0
5 98 0
33 23 0
93 62 1
62 63 0
68 2 0
10 72 0
60 84 0
20 22 0
58 83 0
9 4 0
30 29 0
16 43 0
78 7 0
60 54 0
69 62 1
54 48 0
8 19 0
50 29 1
61 44 0
10 5 1
49 20 0
35 6 0
15 39 0
74 97 0
74 31 0
4 23 1
56 17 1
30 89 1
44 47 0
1 34 0
26 18 0
52 14 0
70 97 1
63 21 0
64 93 1
97 90 1
8 3 1
100 45 0
13 36 1
87 53 1
27 20 0
27 45 0
79 32 0
91 80 0
9 35 0
84 41 0
36 92 0
29 81 1
99 54 1
76 94 0
13 18 1
42 57 1
69 54 0
17 60 1
53 5 1
93 67 0
37 76 1
26 2 0
49 65 1
70 34 1
22 98 0
64 1 1
14 1 1
43 65 1
82 26 1
92 19 1
78 20 0
68 40 1
74 46 0
43 90 1
31 90 1
57 2 1
42 41 1
66 40 0
5 20 0
73 34 1
93 6 1
48 57 1
67 90 0
77 59 0
66 27 1
13 96 0
43 63 1
34 64 0
11 60 0
61 33 1
93 50 0
68 35 1
17 40 1
32 47 0
54 83 0
80 8 0
21 3 0
63 84 0
9 36 1
51 96 0
10 93 1
83 70 0
91 46 1
43 91 1
63 54 0
1 33 1
91 92 1
90 99 1
34 87 1
69 33 0
67 26 0
49 50 0
77 16 1
96 82 1
93 92 0
51 94 0
16 82 1
56 53 0
93 76 1
74 43 0
92 71 0
34 29 0
68 14 1
53 46 1
75 20 1
77 28 0
88 20 1
71 92 0
47 97 0
73 21 1
54 8 0
15 72 1
84 100 0
26 23 1
38 94 0
89 70 0
16 15 1
39 81 0
77 2 1
33 91 1
63 45 0
66 55 0
44 51 1
53 81 0
85 87 0
68 31 0
17 30 1
21 13 0
58 70 0
95 57 0
48 22 0
47 91 1
87 89 0
37 23 1
4 94 0
40 90 0
86 2 1
65 23 1
52 90 1
55 91 0
99 28 1
16 33 1
74 89 1
81 58 1
64 34 1
5 90 0
83 40 0
13 21 1
5 58 0
37 16 1
54 86 1
70 47 0
83 50 0
47 80 0
62 33 0
97 21 1
37 27 1
13 3 0
42 63 1
14 85 1
32 37 0
47 61 1
96 77 1
57 60 1
81 64 0
94 100 1
96 13 1
78 50 0
63 30 0
17 43 0
25 64 0
91 38 0
38 21 1
92 76 0
50 95 0
69 84 1
67 61 0
8 50 1
28 38 1
98 39 1
95 91 0
67 82 0
21 15 0
22 60 0
85 49 0
96 47 1
39 51 1
40 47 0
60 94 1
6 2 1
71 85 1
60 38 1
75 23 1
65 64 1
34 54 1
29 77 0
60 48 0
59 80 1
6 42 1
41 19 0
41 56 0
6 39 0
68 18 0
75 89 1
11 45 0
46 19 1
59 20 1
91 73 1
31 1 1
12 83 0
45 13 1
14 24 1
89 41 0
45 19 0
45 84 1
61 16 0
25 60 1
34 97 0
96 45 1
40 66 1
46 73 1
75 8 0
55 5 0
88 33 0
23 59 1
67 95 1
28 85 1
97 2 1
62 30 0
43 88 0
87 32 1
5 59 1
2 70 0
79 33 1
70 5 1
29 14 0
78 52 0
27 70 1
71 1 0
87 100 0
44 98 1
69 99 1
81 17 0
100 30 0
20 63 1
38 46 0
90 95 1
15 2 0
18 94 0
79 9 1
56 96 1
29 85 1
65 53 1
25 43 0
22 65 0
71 12 0
73 9 1
16 84 0
53 64 0
45 77 0
27 73 0
87 29 1
50 88 1
56 44 1
15 25 1
19 46 1
1 56 1
43 78 0
100 55 0
23 91 1
73 78 0
67 49 1
51 35 1
33 17 1
94 60 1
24 21 1
54 16 1
94 5 0
20 62 1
47 89 1
87 83 1
19 61 1
31 95 0
6 85 0
30 52 1
42 45 1
81 97 1
92 55 1
9 54 0
21 61 0
74 40 1
67 43 0
61 28 1
30 91 1
37 6 0
66 6 0
29 94 0
47 12 0
12 25 1
13 55 1
34 99 1
37 94 0
75 6 1
34 42 0
80 77 0
95 78 1
71 70 1
69 59 1
32 75 0
29 26 0
93 35 1
64 44 0
27 47 1
82 40 1
43 67 0
86 90 0
42 8 0
56 78 1
94 9 1
52 61 0
100 22 0
28 15 0
79 61 0
97 76 1
52 92 0
13 14 1
35 20 1
30 90 1
20 81 1
20 1 1
15 83 0
8 13 1
70 42 0
33 31 0
90 72 1
41 1 1
97 81 0
32 80 0
87 22 0
41 85 1
60 71 0
65 86 0
55 18 0
36 22 0
92 63 1
38 88 0
89 55 1
84 25 0
35 32 0
32 6 0
3 77 0
37 64 1
43 73 1
50 84 1
89 44 0
72 27 0
77 39 1
27 84 1
88 79 0
7 5 0
50 14 0
29 66 1
72 86 0
41 68 1
100 84 1
66 15 0
82 29 1
60 70 0
66 69 0
54 7 0
85 64 0
71 86 1
5 51 1
88 5 1
43 84 1
26 68 0
22 9 1
19 49 0
97 74 0
17 99 1
45 20 0
71 56 0
55 58 0
43 32 1
93 77 1
98 38 0
78 63 1
64 60 0
44 17 0
27 16 0
45 16 1
29 61 1
96 74 0
100 25 0
80 96 1
70 100 0
80 52 1
24 63 1
83 56 1
40 11 1
33 50 0
38 20 1
79 62 0
6 67 1
99 63 1
60 82 1
93 26 0
31 98 1
34 74 0
86 75 1
58 66 1
15 20 1
51 25 1
48 60 0
42 18 1
20 69 1
4 87 1
37 11 0
32 30 1
3 98 0
39 92 0
97 91 0
37 15 1
63 64 0
53 30 0
6 84 0
45 40 1
94 81 1
60 53 1
21 67 0
39 35 0
86 64 1
40 15 0
89 59 0
51 55 1
52 83 0
46 65 0
2 1 0
30 53 1
1 24 0
15 30 1
15 11 0
64 90 0
97 4 1
50 32 0
72 88 1
60 89 0
53 85 1
59 2 1
66 64 1
70 25 1
8 54 1
48 59 0
42 39 0
93 79 0
31 60 0
8 99 1
52 73 0
54 66 0
14 52 0
82 53 0
80 1 1
25 72 0
86 69 1
57 6 1
83 65 0
84 24 1
68 26 1
30 7 1
92 49 1
14 54 1
20 36 1
85 66 1
84 44 0
10 26 0
69 2 1
93 11 1
82 55 1
69 70 1
89 31 0
1 25 0
35 29 1
64 81 0
15 34 0
53 19 1
40 57 0
17 88 1
19 38 1
74 79 0
8 90 1
78 81 1
77 30 1
81 94 1
66 76 1
59 96 1
74 98 1
1 99 0
43 89 0
34 56 0
79 40 0
72 97 0
97 32 0
26 50 0
81 15 0
4 60 1
16 40 0
37 67 0
92 52 0
5 87 1
7 75 1
29 71 1
32 23 1
52 88 1
45 17 1
73 16 1
59 97 1
25 19 0
67 21 0
31 28 0
17 50 1
52 12 0
68 6 1
24 16 0
47 58 0
96 83 1
34 70 0
90 18 0
59 26 1
57 43 0
92 31 1
62 28 0
30 99 0
14 70 1
34 33 1
47 19 1
33 88 0
53 61 1
70 82 1
72 22 0
90 28 1
26 56 0
74 48 1
39 91 1
27 36 1
85 91 1
60 12 1
89 43 1
19 22 0
56 4 0
7 76 0
16 8 1
67 19 0
33 74 0
15 73 0
76 58 1
39 9 0
4 25 0
2 93 0
18 37 0
41 61 0
7 3 1
60 100 0
40 89 1
10 52 1
99 16 1
61 82 1
56 82 0
76 67 0
78 21 1
56 71 1
69 66 1
2 79 1
54 11 1
74 55 0
1 83 1
38 24 1
56 63 1
63 43 1
19 66 1
62 53 1
18 20 0
28 4 1
26 92 1
82 78 0
42 97 0
18 41 0
5 35 0
7 96 0
74 49 0
46 35 0
36 64 0
73 46 0
3 15 0
12 2 1
64 6 1
83 71 1
16 76 1
14 95 0
91 1 0
33 14 1
87 97 0
73 82 0
11 37 1
2 71 0
60 37 0
56 67 0
73 29 0
16 91 0
51 27 0
100 63 1
40 21 0
98 83 0
74 17 0
26 39 0
84 9 1
45 36 0
42 78 0
39 86 1
4 91 0
54 71 0
75 14 1
31 66 0
66 23 0
35 44 1
14 72 1
65 54 1
26 89 0
80 40 1
69 76 1
28 26 1
83 54 0
100 72 1
62 78 0
95 83 0
88 43 0
44 94 1
68 16 0
91 26 0
60 86 0
56 55 1
16 11 1
42 20 0
80 98 1
89 68 1
78 38 0
88 35 0
50 52 0
95 65 0
33 46 1
95 53 0
91 64 1
65 38 1
70 56 1
45 67 1
4 88 1
94 73 0
84 28 1
12 28 0
98 28 1
1 92 1
37 88 0
19 85 1
14 43 1
23 98 0
21 53 0
33 29 1
67 94 0
33 22 1
7 46 1
75 28 0
96 21 0
100 66 1
16 89 1
11 74 1
37 73 0
43 26 1
70 53 1
21 50 1
70 54 0
70 12 1
13 63 0
66 97 0
91 23 0
28 75 0
83 4 1
1 84 1
72 44 0
99 95 0
96 18 0
24 32 1
48 14 1
58 87 1
6 64 1
85 37 1
44 31 1
25 79 1
100 9 0
78 74 1
55 48 0
65 97 0
14 83 1
72 100 0
41 3 0
22 73 0
36 35 1
56 99 1
52 84 0
37 2 1
28 24 0
88 38 1
27 21 1
33 28 0
53 7 1
86 21 1
34 39 1
4 68 1
42 58 0
31 73 1
34 89 0
78 27 1
35 81 0
30 2 1
83 88 1
36 43 0
56 34 1
97 40 1
90 100 0
63 20 1
96 86 0
95 72 1
8 33 1
38 43 0
6 51 1
18 52 0
79 30 0
58 64 0
11 7 0
4 41 1
14 61 1
33 95 0
94 44 0
8 61 0
52 77 1
85 53 0
42 49 1
44 38 0
73 13 0
64 53 0
47 74 1
50 4 1
4 90 0
47 37 0
64 3 1
