100 1000
1 1 0
2 2 0
3 3 1
4 4 1
5 5 0
6 6 0
7 7 0
8 8 1
9 9 0
10 10 0
11 11 0
12 12 0
13 13 0
14 14 0
15 15 1
16 16 1
17 17 0
18 18 0
19 19 0
20 20 0
21 21 0
22 22 1
23 23 1
24 24 1
25 25 0
26 26 1
27 27 1
28 28 1
29 29 0
30 30 1
31 31 1
32 32 1
33 33 0
34 34 1
35 35 0
36 36 1
37 37 0
38 38 0
39 39 0
40 40 1
41 41 0
42 42 0
43 43 0
44 44 1
45 45 0
46 46 0
47 47 0
48 48 0
49 49 1
50 50 0
51 51 1
52 52 0
53 53 1
54 54 1
55 55 1
56 56 1
57 57 1
58 58 0
59 59 1
60 60 1
61 61 0
62 62 0
63 63 0
64 64 1
65 65 0
66 66 1
67 67 0
68 68 0
69 69 1
70 70 1
71 71 0
72 72 0
73 73 1
74 74 1
75 75 1
76 76 0
77 77 1
78 78 0
79 79 0
80 80 1
81 81 1
82 82 1
83 83 0
84 84 1
85 85 0
86 86 0
87 87 1
88 88 0
89 89 0
90 90 1
91 91 1
92 92 0
93 93 1
94 94 1
95 95 0
96 96 1
97 97 1
98 98 1
99 99 1
21 57 1
87 6 0
86 55 1
80 59 1
37 46 1
1 71 1
96 62 1
76 30 0
1 50 0
98 71 0
76 34 1
97 91 1
81 31 0
22 46 1
29 96 1
65 19 0
1 46 1
94 1 1
68 95 0
8 23 1
5 87 1
35 72 0
56 80 1
1 33 0
13 79 0
21 6 1
7 53 1
66 44 1
1 27 0
96 13 0
67 62 1
88 43 0
4 27 0
40 44 1
72 58 0
91 6 1
22 96 1
49 28 0
83 68 1
68 42 1
99 68 1
75 59 0
30 36 0
88 40 1
13 38 1
19 100 0
17 99 1
96 92 1
8 78 0
50 16 1
73 59 1
86 30 0
96 11 1
68 91 1
15 71 0
28 44 0
99 43 0
56 30 0
27 75 1
50 54 1
2 6 1
78 36 0
38 99 0
9 23 0
74 46 0
93 3 1
77 97 1
9 18 0
66 63 0
2 56 1
59 100 1
19 56 0
10 71 0
25 38 1
5 63 0
96 22 0
24 72 1
67 3 0
80 2 0
61 85 1
91 47 0
47 40 0
52 68 0
87 10 0
46 87 1
31 79 0
84 25 0
68 6 0
68 87 0
80 16 0
55 97 0
3 27 0
16 23 1
55 48 0
30 7 0
75 39 1
55 32 0
82 21 1
5 96 0
28 12 0
97 85 0
23 9 0
32 57 0
13 91 1
77 27 1
44 74 0
37 23 1
6 33 0
82 59 0
60 76 0
23 95 1
72 1 0
95 38 0
44 2 0
69 65 0
82 74 0
29 91 1
54 85 0
46 50 0
25 87 0
92 46 0
15 45 1
47 77 0
30 96 1
71 11 1
24 26 1
7 3 1
56 55 0
44 22 0
10 62 0
61 44 1
72 81 0
74 20 0
37 71 0
21 78 0
30 81 0
2 48 1
7 72 1
57 85 1
34 80 0
35 77 1
29 99 0
74 33 0
9 52 0
55 74 1
67 21 0
88 67 0
65 25 1
49 64 1
50 1 1
13 52 0
62 84 0
44 87 0
68 49 1
62 67 0
43 73 1
9 27 0
95 17 1
47 70 0
9 100 0
36 4 1
13 84 1
6 2 1
87 92 1
75 33 1
31 88 1
97 1 0
50 46 1
84 40 1
30 64 1
86 56 1
49 83 0
2 1 1
81 55 1
3 17 0
32 4 0
19 40 0
69 7 1
89 63 0
37 38 0
31 89 1
97 76 1
8 40 1
67 18 0
71 43 1
52 18 0
84 58 1
99 97 0
14 3 0
56 5 0
7 22 0
16 55 1
20 5 1
68 55 0
59 93 1
34 98 0
79 8 0
42 93 0
37 20 0
62 34 0
75 94 1
46 2 0
79 6 0
76 23 1
69 91 1
98 40 0
94 39 0
25 41 1
45 70 0
39 81 1
48 64 0
54 38 1
2 68 1
18 10 1
84 96 1
88 9 0
11 32 1
87 26 1
86 61 0
74 71 0
72 39 1
74 9 0
21 92 1
45 3 0
31 30 0
94 22 0
15 35 1
44 28 0
53 28 1
94 79 0
52 22 1
33 13 0
41 76 1
23 29 1
12 62 0
52 87 1
22 71 1
51 50 1
90 66 1
4 79 0
59 13 0
53 5 0
82 16 0
93 39 0
51 13 1
36 27 1
19 47 0
20 54 1
87 85 0
27 95 0
34 70 1
92 70 1
34 69 0
68 97 0
76 70 0
43 51 1
56 68 1
31 51 1
78 34 0
97 73 1
69 66 0
71 66 0
76 79 1
30 5 1
18 62 1
87 31 1
87 40 1
90 64 0
37 1 1
74 84 1
58 29 0
59 64 0
9 72 1
89 12 0
55 58 1
91 78 1
21 17 0
21 44 1
89 21 0
82 90 1
60 32 1
80 46 0
47 82 0
90 44 0
32 14 1
95 72 1
97 23 1
37 2 0
63 57 0
26 2 0
96 95 1
38 27 0
52 14 0
37 22 0
15 5 0
1 45 0
72 71 0
41 30 0
24 41 0
55 12 1
58 57 1
27 57 1
85 86 1
49 1 1
71 16 1
11 22 0
4 52 1
54 29 1
69 1 0
20 46 0
39 95 0
59 71 1
67 40 1
14 87 0
44 60 0
52 63 1
1 98 0
76 97 0
89 66 0
16 32 1
69 72 0
3 16 0
27 40 1
98 27 1
90 13 1
95 39 1
97 29 1
9 14 1
3 33 0
10 16 0
6 77 1
40 36 0
39 92 0
70 15 0
91 26 0
55 18 0
11 41 0
86 28 1
82 80 1
60 7 1
57 3 0
4 99 0
42 94 1
42 62 0
59 43 1
4 89 1
54 66 0
100 4 0
10 31 0
2 79 0
69 40 1
78 46 0
59 6 1
86 60 1
95 69 0
19 77 0
89 94 1
36 87 0
14 24 0
43 5 0
16 14 1
49 40 1
40 66 1
75 99 1
57 47 1
25 31 1
58 81 0
86 49 0
66 7 1
70 31 0
90 54 1
45 10 1
19 99 1
72 59 0
97 79 1
85 44 1
3 77 1
62 44 1
39 100 0
69 12 0
60 59 1
72 29 0
36 86 1
35 100 1
14 22 1
26 9 1
18 21 1
6 35 1
79 86 0
77 33 0
88 27 1
90 2 0
50 97 1
21 67 0
35 26 1
4 24 0
27 18 0
40 76 0
10 38 0
46 84 1
45 8 1
46 13 1
74 31 0
60 28 0
75 60 0
50 9 1
22 74 0
61 68 1
6 85 0
11 89 1
61 10 1
79 4 1
61 18 0
29 70 1
44 32 0
34 90 0
39 31 0
100 63 0
31 28 0
50 100 0
87 49 0
5 3 1
59 18 1
88 94 0
20 47 0
53 30 1
4 54 0
38 84 1
63 23 0
77 11 0
50 19 1
20 42 0
28 83 0
36 29 0
53 37 0
70 36 0
11 95 0
34 79 0
31 69 0
52 99 0
56 90 1
36 67 1
71 8 0
1 90 0
96 37 0
9 8 0
71 37 0
12 19 1
29 32 1
42 20 1
35 87 0
37 6 1
54 99 1
88 49 0
74 3 1
17 84 1
47 75 1
75 69 1
52 82 0
79 16 0
62 41 0
12 92 1
99 63 0
31 14 1
75 3 1
26 91 0
86 17 0
12 55 0
84 16 1
74 72 1
47 71 0
40 79 1
24 42 1
33 27 0
59 89 0
67 54 1
1 14 0
44 59 0
29 24 1
82 24 0
49 19 0
19 93 0
62 49 1
70 58 0
74 58 1
92 18 0
10 79 1
95 14 1
44 11 1
61 47 1
57 21 1
37 93 0
70 26 0
14 98 1
94 23 0
15 98 1
56 85 0
96 91 0
53 69 0
3 9 0
93 41 1
89 57 0
74 47 1
27 22 1
85 24 0
56 39 0
92 87 1
90 61 1
31 84 1
9 63 1
39 28 1
85 87 1
27 16 1
74 70 0
8 91 0
37 12 0
82 39 0
59 61 0
99 93 1
86 77 1
65 76 0
39 35 1
73 15 1
39 42 0
18 75 0
71 75 1
41 88 1
56 32 0
60 34 1
21 35 0
25 84 1
18 77 1
4 95 1
62 59 0
72 38 1
51 63 0
49 77 1
7 84 0
7 15 1
60 6 0
33 66 0
92 47 0
29 10 0
49 75 1
31 72 1
61 56 1
4 76 0
97 36 1
13 15 1
6 45 0
57 13 0
87 66 1
74 13 0
7 64 1
72 7 1
97 12 1
3 96 0
59 39 1
51 58 0
55 28 0
60 3 0
52 62 1
89 14 1
65 57 0
3 64 0
73 7 1
13 39 1
74 16 1
24 67 1
11 70 1
73 35 1
36 37 1
92 88 0
75 84 0
95 24 1
83 63 0
2 37 0
91 40 0
24 11 1
58 61 0
58 84 0
16 73 1
60 92 0
68 74 0
41 47 1
60 45 1
78 92 0
84 29 0
26 24 0
90 33 0
45 81 0
75 48 0
13 67 0
35 83 1
40 27 0
60 1 0
26 12 1
92 65 0
43 4 1
97 46 0
62 90 0
84 62 0
74 77 1
54 20 1
54 62 0
78 26 0
91 81 1
90 69 1
72 69 0
38 81 0
4 31 1
97 37 1
38 53 0
90 21 0
71 28 0
41 64 0
39 25 1
33 20 0
41 77 0
87 25 0
23 14 1
10 91 1
90 93 1
64 21 1
63 51 0
81 61 0
9 60 0
46 78 1
30 100 0
81 86 0
55 5 1
88 38 0
31 10 1
73 36 0
36 81 1
5 27 0
13 20 0
6 91 1
98 18 1
85 72 1
95 23 1
95 57 1
12 47 1
82 51 0
83 90 0
73 80 0
41 72 0
43 3 1
12 96 1
59 92 1
52 61 1
46 96 0
26 59 0
14 52 1
89 64 1
68 54 1
54 63 1
62 22 1
32 53 1
98 62 0
74 35 0
92 21 1
70 97 1
95 100 1
85 10 0
65 18 1
7 61 0
65 44 0
25 79 0
25 70 0
61 40 1
20 88 1
29 4 1
95 71 0
62 89 0
42 99 0
42 5 1
79 33 1
19 80 0
37 21 1
12 26 0
2 73 1
28 87 0
55 31 1
86 12 1
69 51 1
79 83 1
60 52 1
88 56 0
42 76 1
93 78 1
1 25 1
39 77 1
72 37 1
52 41 1
36 63 1
78 19 1
43 57 0
63 68 1
94 72 1
29 71 0
73 10 1
49 60 1
89 7 0
29 9 0
41 18 1
60 57 0
2 8 0
5 97 1
100 55 0
26 82 1
89 50 0
76 37 1
24 74 0
96 69 0
79 99 1
66 89 1
19 24 1
41 66 0
43 89 1
15 32 1
12 71 0
18 90 1
33 22 1
8 68 0
89 8 0
70 35 0
21 39 1
66 96 0
32 81 0
78 81 1
10 24 1
44 5 1
54 71 0
91 3 0
45 100 1
10 4 0
53 22 0
62 32 0
96 85 0
59 73 0
8 84 0
32 64 1
98 32 0
47 48 1
94 92 0
82 17 0
68 28 1
1 49 0
14 68 1
2 27 1
22 100 0
31 76 1
15 40 0
80 57 1
70 95 0
99 82 1
15 21 1
66 60 1
99 81 1
42 49 0
84 57 1
40 2 1
22 6 0
95 92 1
11 42 0
32 3 1
56 75 0
64 55 0
4 34 0
4 29 0
19 20 0
7 94 1
55 15 1
56 89 1
28 45 0
4 59 0
35 29 0
13 83 1
87 86 0
51 6 0
19 33 0
1 17 1
97 96 1
89 44 1
38 44 0
94 80 1
50 30 1
16 8 0
88 77 0
56 99 1
87 61 0
91 27 0
90 17 0
89 73 0
99 100 1
49 81 1
5 49 1
34 77 1
82 73 1
44 41 0
46 80 1
3 8 0
45 86 0
7 90 1
30 62 1
80 76 1
83 32 0
44 27 1
26 97 1
43 80 0
48 18 1
100 85 1
28 21 0
76 45 1
40 42 0
87 48 1
18 54 0
70 38 0
38 47 1
14 13 0
28 25 1
24 10 0
98 36 1
86 5 0
20 81 1
65 67 0
24 20 1
88 48 1
93 32 0
85 97 1
39 93 1
92 84 0
6 79 0
71 81 1
38 51 0
43 99 0
3 75 1
13 19 0
18 82 0
87 50 1
40 9 0
23 19 0
58 42 1
17 90 0
16 71 1
85 33 1
71 12 0
81 12 1
27 51 0
37 53 1
25 21 0
75 79 1
73 65 0
3 74 1
39 97 0
81 9 1
30 46 0
96 30 1
60 67 0
8 26 0
2 57 0
13 32 1
81 82 1
80 4 0
45 18 1
61 67 0
79 39 1
45 28 1
55 34 0
81 63 0
76 91 0
48 95 0
34 6 0
78 83 1
12 20 1
38 42 0
35 74 1
38 15 0
49 32 1
17 65 0
9 91 1
51 17 1
31 42 0
45 63 1
14 88 1
93 9 0
79 3 1
99 30 1
44 33 1
99 15 1
92 31 1
82 30 0
43 15 1
64 91 1
50 38 0
16 72 0
33 35 0
20 35 1
81 94 1
73 69 0
