100 1000
1 1 1
2 2 1
3 3 1
4 4 1
5 5 1
6 6 1
7 7 0
8 8 0
9 9 1
10 10 1
11 11 1
12 12 0
13 13 1
14 14 1
15 15 1
16 16 0
17 17 0
18 18 1
19 19 1
20 20 1
21 21 0
22 22 0
23 23 1
24 24 0
25 25 0
26 26 0
27 27 1
28 28 1
29 29 1
30 30 0
31 31 0
32 32 0
33 33 0
34 34 0
35 35 1
36 36 0
37 37 1
38 38 0
39 39 0
40 40 1
41 41 0
42 42 0
43 43 0
44 44 0
45 45 0
46 46 1
47 47 0
48 48 0
49 49 0
50 50 0
51 51 0
52 52 1
53 53 1
54 54 1
55 55 1
56 56 1
57 57 1
58 58 0
59 59 0
60 60 1
61 61 1
62 62 0
63 63 1
64 64 0
65 65 1
66 66 1
67 67 1
68 68 0
69 69 1
70 70 0
71 71 0
72 72 1
73 73 1
74 74 1
75 75 1
76 76 0
77 77 0
78 78 0
79 79 0
80 80 0
81 81 1
82 82 1
83 83 1
84 84 1
85 85 1
86 86 1
87 87 0
88 88 0
89 89 1
90 90 1
91 91 1
92 92 0
93 93 1
94 94 1
95 95 0
96 96 1
97 97 1
98 98 0
99 99 0
100 100 1
23 49 0
39 78 1
11 70 0
99 36 1
41 6 1
90 48 1
60 98 1
4 73 1
10 99 0
65 77 1
25 39 0
37 89 1
52 87 1
93 80 0
7 39 1
7 31 1
96 75 0
11 20 1
36 74 0
46 13 1
47 79 0
82 91 1
90 51 0
71 19 1
5 80 1
17 34 0
96 62 1
69 39 1
95 19 0
41 7 1
47 41 0
95 81 1
51 13 0
64 92 0
100 21 0
98 36 0
45 1 0
62 80 0
16 51 1
16 61 0
9 22 1
29 4 0
93 79 1
52 10 1
99 90 1
42 92 0
47 71 1
26 74 0
54 14 0
50 90 0
70 16 1
62 100 1
44 83 0
21 78 0
90 1 0
41 53 1
29 25 1
83 95 0
67 48 0
52 22 0
90 83 0
36 93 1
99 13 0
40 85 0
4 97 0
40 96 1
88 13 1
76 67 0
57 45 1
83 92 1
39 16 0
21 71 1
7 11 0
22 2 0
57 53 0
59 41 0
7 47 1
99 86 1
20 70 0
74 62 1
4 42 1
5 86 0
38 30 0
32 42 0
85 64 1
51 46 1
64 10 1
56 77 0
91 57 0
1 44 1
39 25 0
19 63 1
6 24 1
36 26 1
26 55 0
20 94 1
66 67 1
40 58 0
55 80 1
33 34 1
37 72 1
67 50 1
86 20 0
92 64 1
13 80 0
77 78 1
91 68 1
7 94 1
51 100 1
18 100 0
58 45 1
57 44 0
91 20 1
75 89 0
40 74 0
12 50 1
79 35 1
67 12 0
72 76 1
73 57 0
41 69 1
63 87 0
58 38 0
66 85 0
67 56 0
75 71 1
47 72 0
41 27 0
51 54 1
96 12 0
81 31 0
33 77 1
36 11 1
13 59 1
32 75 0
28 83 0
12 37 0
73 28 0
11 7 1
17 45 0
79 2 0
16 90 0
21 68 1
26 67 0
56 94 1
100 55 1
57 77 1
91 49 0
57 43 1
100 45 0
41 39 0
14 52 0
89 75 0
53 54 0
45 37 1
89 27 0
15 48 0
98 29 1
92 18 0
3 76 0
44 31 1
98 62 1
42 70 0
56 43 1
30 79 0
52 99 0
88 41 1
97 50 1
41 3 0
85 86 0
84 27 0
34 66 1
20 39 0
91 46 0
62 83 0
83 47 1
95 33 0
82 60 1
71 86 1
14 97 1
22 4 0
17 54 0
65 29 0
60 100 1
26 41 0
49 59 1
69 25 0
93 55 0
84 58 0
8 49 0
89 5 1
42 87 0
28 13 1
96 99 0
2 52 0
47 73 1
85 10 1
78 100 0
84 37 0
17 64 1
72 10 0
22 80 0
72 9 0
40 47 0
93 49 0
30 82 0
15 77 0
76 25 0
89 36 1
43 66 0
86 58 1
13 7 1
33 59 1
81 41 0
47 31 0
22 65 0
58 62 0
88 7 1
42 36 0
99 67 1
13 53 0
80 88 0
15 31 1
1 29 1
86 91 0
50 64 0
45 21 0
22 88 0
39 53 1
71 87 1
56 7 1
53 99 0
26 40 0
80 82 1
35 53 1
72 56 1
29 90 0
35 42 0
90 92 1
27 29 1
75 74 0
66 84 0
74 59 1
94 74 0
2 79 0
43 76 1
70 58 1
34 37 1
58 56 0
9 35 0
7 77 0
21 88 1
70 29 1
7 74 1
27 60 0
71 79 0
4 17 1
55 33 0
45 52 0
20 68 1
22 87 1
3 9 1
11 56 0
96 21 0
32 6 0
71 61 1
34 89 1
51 62 1
90 39 1
81 90 1
33 86 1
10 37 1
78 64 0
60 32 1
98 39 0
39 68 0
42 84 0
84 12 0
59 15 0
48 9 0
71 90 1
86 7 0
59 88 0
44 21 1
19 83 1
26 60 1
42 90 0
71 8 1
2 17 0
12 5 0
27 53 1
46 65 1
96 90 0
31 33 1
47 62 0
94 28 1
82 90 1
60 42 1
76 37 1
92 41 0
84 29 0
89 91 1
10 61 1
88 58 1
42 4 1
4 56 1
30 51 1
21 4 1
56 74 0
20 86 0
81 13 1
81 8 0
27 48 0
81 70 0
37 67 0
5 45 1
8 42 0
63 92 0
23 11 0
97 53 1
25 71 1
87 69 0
43 97 0
49 97 0
26 9 1
31 52 0
88 17 0
50 99 0
3 94 1
61 79 0
96 18 0
99 23 1
42 24 1
15 71 1
31 89 0
36 2 0
97 45 0
98 92 1
1 67 0
71 24 1
75 9 1
12 72 0
47 63 0
89 69 0
3 26 1
4 100 1
30 58 0
40 4 0
83 13 0
50 5 0
75 25 0
88 80 1
38 4 1
54 26 1
37 48 0
27 37 0
22 46 1
97 26 0
94 7 0
7 68 0
44 88 1
16 60 0
40 82 0
42 64 1
33 23 0
51 78 0
4 18 1
91 94 0
36 73 0
5 70 1
75 51 0
98 94 0
52 39 0
64 84 1
82 39 1
56 46 0
83 30 0
60 48 1
23 31 0
8 76 1
11 63 0
5 63 1
77 91 0
82 53 1
21 74 1
15 84 1
12 88 0
94 65 0
59 13 1
12 10 0
28 15 1
19 45 0
25 49 1
46 9 1
54 44 0
20 83 0
56 29 0
2 100 1
90 27 0
97 98 0
99 44 0
57 59 1
16 93 1
86 36 0
82 55 1
100 25 0
1 58 0
28 30 0
66 87 0
41 34 0
86 22 1
9 91 0
63 18 0
53 47 1
7 54 0
80 48 0
95 67 1
68 76 0
24 67 0
1 88 0
51 85 0
46 33 1
10 16 0
98 4 1
27 92 1
46 35 1
17 7 0
6 48 0
94 88 0
33 35 0
41 38 1
18 8 1
69 98 0
81 69 1
72 34 1
61 23 0
68 67 1
10 44 1
2 40 0
94 48 1
57 69 1
47 100 1
69 20 1
90 77 1
28 89 1
21 40 0
64 35 1
77 37 0
65 94 1
10 88 1
71 20 0
15 37 0
87 14 0
65 15 0
97 33 1
90 14 1
20 21 1
37 5 1
81 29 0
1 27 0
92 56 1
9 3 1
42 65 1
49 1 0
86 37 1
14 38 0
49 4 0
71 69 0
5 28 0
16 22 1
4 51 0
40 15 1
71 38 1
76 2 1
84 40 0
54 87 1
95 39 0
53 70 0
10 35 0
92 65 0
96 87 1
28 37 0
88 92 1
42 14 1
65 27 1
15 55 0
52 93 1
32 36 0
81 40 0
30 69 0
19 44 1
93 2 1
100 28 1
70 98 0
53 82 0
98 77 0
35 98 1
22 11 1
93 43 0
55 94 0
58 57 1
40 48 0
82 84 0
16 14 0
56 83 0
20 76 1
34 94 1
46 22 1
91 2 0
37 99 0
8 63 1
53 66 0
3 71 0
33 29 1
48 80 1
12 34 1
89 6 1
52 53 0
1 36 1
56 76 0
40 5 0
14 50 1
7 29 1
22 71 1
80 58 0
33 1 1
58 80 1
87 94 1
86 57 0
99 4 1
87 13 0
82 45 0
18 96 1
17 32 0
86 11 1
66 92 1
64 11 0
60 43 0
98 46 1
30 59 0
78 46 1
99 61 0
31 21 1
67 81 1
37 22 1
2 90 0
8 83 0
93 72 1
62 18 0
67 35 1
2 67 0
95 80 1
99 35 0
59 18 0
39 40 1
77 74 1
13 31 1
71 81 1
95 41 0
31 12 1
7 34 1
11 9 1
55 76 0
88 10 0
26 35 1
51 83 0
7 1 0
63 46 0
81 49 1
28 34 0
4 54 0
71 26 1
52 67 0
92 75 1
42 21 0
77 76 1
80 47 0
39 42 0
70 31 1
57 4 1
14 26 1
3 44 1
4 71 0
43 99 0
26 10 1
100 6 0
44 54 1
24 29 0
93 36 0
46 51 0
47 32 0
57 97 0
46 30 0
73 47 1
23 32 0
50 44 1
89 41 0
98 73 1
84 88 1
79 66 1
94 96 0
77 24 0
3 34 0
6 80 0
23 33 0
66 32 0
4 76 0
55 100 0
65 51 1
8 30 1
14 78 1
36 77 0
58 98 1
44 10 0
36 78 0
65 41 0
16 30 1
57 98 0
21 33 1
79 9 1
55 3 0
75 91 0
63 88 1
23 15 1
5 78 1
55 9 1
75 50 1
35 67 0
30 84 0
41 36 1
100 38 1
60 62 0
28 44 0
4 12 0
43 14 0
72 79 0
2 92 0
88 82 0
65 66 0
24 31 0
53 77 1
64 56 0
79 48 0
45 61 1
40 55 0
52 46 0
26 7 1
12 79 0
83 5 0
30 1 1
60 53 1
71 98 0
22 47 1
30 66 1
38 10 1
76 30 1
15 50 0
59 30 1
66 39 0
11 51 1
4 52 0
97 85 0
94 89 0
87 6 1
33 58 0
9 79 0
26 1 0
14 49 0
51 67 0
18 93 0
37 66 1
35 26 0
36 17 1
82 48 1
1 34 0
10 7 0
84 72 1
81 80 0
66 99 1
49 6 1
3 25 1
65 56 1
34 68 0
73 56 1
39 79 1
13 60 0
43 1 0
68 100 1
88 57 0
36 67 1
70 25 0
10 71 0
100 53 0
77 19 0
48 26 1
8 48 0
43 69 1
56 37 0
85 67 1
17 78 1
12 9 1
46 23 1
16 3 1
28 45 0
35 69 0
15 32 0
20 35 1
38 67 0
36 44 1
99 48 1
64 31 0
13 38 0
19 77 1
37 38 1
21 43 0
33 42 1
50 42 1
53 36 1
95 42 0
59 32 0
51 79 1
10 65 0
71 37 1
47 12 1
58 23 0
33 8 1
11 28 0
16 5 0
18 74 1
60 45 1
56 57 1
83 55 0
46 55 1
9 15 1
64 99 1
34 21 1
87 58 1
37 8 1
6 92 1
96 77 1
8 5 1
96 80 0
72 55 1
100 51 0
48 46 0
10 48 0
54 76 1
11 83 0
50 79 0
21 76 0
34 38 0
69 42 0
92 39 0
74 7 0
15 51 1
3 43 1
97 21 1
92 20 1
7 97 0
91 39 0
47 50 1
47 37 1
86 64 0
10 43 0
62 21 0
51 24 0
79 13 1
87 46 0
36 16 0
100 95 1
99 65 0
42 81 1
90 31 0
4 91 0
56 19 1
66 22 0
33 45 0
59 52 1
20 65 1
53 84 0
31 8 1
87 83 1
54 18 1
16 9 0
26 94 0
17 56 0
1 94 0
8 87 0
25 7 0
2 69 0
15 57 1
1 55 1
15 93 0
59 87 0
51 29 0
50 74 1
50 8 0
46 86 1
99 53 1
71 93 1
59 75 1
76 19 0
55 42 1
70 75 0
34 64 1
30 17 0
94 62 0
22 49 1
90 69 1
26 65 1
94 8 0
24 33 0
4 94 0
64 19 1
35 94 0
89 90 1
99 45 1
32 51 1
80 22 1
88 94 0
18 36 0
46 49 0
17 26 0
51 26 1
87 80 1
96 15 1
49 58 1
77 92 0
43 7 0
47 36 0
66 64 0
11 4 0
42 78 0
53 11 0
25 62 1
39 38 0
6 10 1
47 75 0
56 98 1
89 52 1
27 94 1
42 98 1
5 50 1
84 54 0
76 50 1
25 55 1
96 54 1
88 96 1
71 21 1
17 82 0
100 50 0
70 56 1
3 92 1
58 5 1
21 7 1
33 74 0
19 76 0
52 78 1
47 59 1
98 80 1
77 97 1
61 98 1
39 27 0
81 56 1
57 34 1
59 72 1
74 17 1
36 29 1
65 67 0
3 12 1
62 37 0
72 53 0
4 27 1
94 13 0
12 67 1
68 74 0
58 33 1
30 41 1
66 25 1
60 14 1
71 43 1
18 62 1
71 3 0
7 36 1
7 92 1
35 100 1
4 3 0
26 43 1
54 16 1
2 80 0
69 1 0
84 7 1
54 65 1
92 4 1
67 74 1
17 100 1
46 25 0
90 58 1
21 67 0
98 78 0
