1332
78488728982288156282600813831296143663845945431144
04375382154287127774560644785856415921332844358020
64227146949130917627164470416896780700967735904298
08909616750452927258000843500344831628297089902728
64998199438764723457427626372969484830475091717418
61811306885187927486226122933413689280566343844666
46326572476167275660839105650528975713899320211121
49579531142794625455330538706782106760176875097786
61004600146021384084480212250536890547937420030957
22096732954750721718115531871310231057902608580607
