227832
18288448825429774219846956862417770870640302475247
92828312585598040121588421297674731878093115313182
16753914541797571068392534875840214937021204750378
89055619401647443568291937923950889819022384242323
28767636683196318572845992994357198238764218257600
09234774987448978769799124034384499030364505405943
84275497234460834579807796823701486980464630401353
54915833132974601389482848422119619724789014565809
44396409267168409183491136926492417685905113427201
26927068487680404055813342880902603793328544677887
