895929
09706254902780580488538638337749488166014345988326
02775279611779313026429691390417911643979834461015
82796840762652659657879019767719300642845223087116
62403659439552250198135538452083443036688067014742
34849992771496671872080263423105090982169268837394
90349237844608937582631965760646844828980604713404
94758793031585694216573044384886437022298236407514
12669234650178896555557671246448254579285995086138
17684057898736849005201669426891137948698576073174
93902398262481988755867710259809742681891351298047
