6000 100
1334
3452 4013
4455 62
3373 991
3998 1462
2105 2823
2877 2135
4366 3177
1662 596
29 1920
2691 3442
3433 663
4262 4364
3965 2243
4382 3865
3621 4551
989 385
31 3143
4441 217
739 3754
623 2371
3922 1898
838 250
3483 2317
107 732
2108 4993
1313 3616
726 2531
1820 1570
225 3601
342 1212
459 2137
4809 4320
1939 4753
1149 3260
1882 1169
877 2324
1053 1078
4805 766
2004 1816
1151 1970
798 4629
3190 3409
2081 3991
2594 4224
3604 4284
4054 349
2320 2318
3390 889
1879 530
1637 142
2139 3188
1485 4330
434 1587
2689 3140
3056 2176
936 3535
4925 4781
282 134
2681 1524
2568 2655
774 2469
4183 707
797 740
1821 2484
4795 3298
4999 71
3237 2283
1530 1572
705 3017
1673 2316
4463 887
727 4291
3321 1072
2749 2662
4102 3056
1685 2367
3949 4163
3128 3278
4409 3965
3078 2210
3943 410
3532 1584
4368 4607
211 4107
427 3328
2142 2029
3746 3579
4675 4973
4200 885
558 3658
4849 2964
3939 2967
1427 973
2563 1775
1908 2767
2488 3971
1428 2584
1036 937
3884 526
2383 1631
2631 8
1520 4272
4816 3942
4286 1494
3020 2742
4111 1274
889 377
1208 2008
1511 4573
4590 4238
2902 2676
2733 150
4361 605
2815 4298
2393 2487
4015 3661
3913 4894
2597 1281
1575 1718
4406 1316
2994 3078
2453 4583
333 1029
1681 4122
2234 1122
1426 5000
2363 2147
2235 935
3625 2908
4913 3353
3473 4547
3003 1478
1500 2698
507 4214
4757 412
3900 3937
289 868
2395 2985
4858 2218
1051 1955
1292 39
3428 2202
252 3651
4124 4884
3093 4093
2705 185
1781 3779
517 3513
3751 258
1370 541
2058 536
344 3506
4411 2393
2326 2849
190 319
4357 482
219 189
3051 434
1750 2517
2118 3258
1591 2880
4671 3627
1780 4447
346 3815
2788 2711
3507 2961
2421 3538
3211 959
207 1300
27 1787
4387 2712
4024 2015
1923 2432
2554 947
2441 4932
3649 4001
54 494
3902 4384
4238 3693
1974 1329
1161 4030
23 78
4290 4917
1080 2592
4439 1005
4233 3784
4672 2404
2443 816
2635 1426
3881 610
1702 380
1959 3033
2367 4804
4234 256
425 1624
3216 1610
4977 2405
4479 4749
3662 2611
1232 89
1129 2301
1004 2128
1150 286
2379 3682
3360 1027
3166 1454
2406 2001
2538 1562
3703 971
400 7
1884 2055
2452 4872
1302 1451
1636 4576
3609 3768
2602 4702
441 568
1917 3862
2993 3252
4408 2933
3935 1323
2518 2583
3097 2983
1622 91
1675 1879
3843 3948
2303 3335
4333 4900
2449 4703
4530 1175
4886 1345
4454 2514
2613 1033
3854 1531
403 4748
738 27
2061 989
4770 4540
1462 391
75 772
4954 4289
4576 642
2535 4642
397 1537
780 4309
4377 3107
871 1536
4442 4871
984 1031
3099 943
4477 2957
1794 2022
3264 3624
1095 3772
1764 519
581 3795
4459 4185
910 615
1632 353
3310 4721
2033 3510
1616 4346
1238 773
33 2948
1178 2547
3372 3149
1762 4365
3053 1676
435 643
2450 2058
4245 2664
1522 2439
2388 683
2874 1945
4732 3752
564 239
1456 1645
2062 1821
271 3184
214 3534
3632 821
4145 3758
3065 3103
3855 1151
4460 909
2940 3653
3749 262
2796 66
1759 3826
4000 3804
981 1601
1784 4075
1801 4821
447 2749
2645 1439
576 1157
3080 2995
4687 1843
3379 1602
2492 1112
4490 1571
4295 4211
2078 3604
35 1024
1000 3407
8 3638
1287 525
4235 4717
3821 1054
3971 3438
3882 1909
860 2088
1248 180
3290 1045
2035 2224
4214 1195
1188 431
2352 2580
4875 1328
2658 3287
1209 733
2390 2861
4957 4545
283 1123
2134 1290
2607 313
1812 2053
3799 3123
4796 1770
2310 1530
269 2903
2926 798
3295 1828
112 4733
3222 3087
34 1640
782 3413
217 2425
4837 1899
3458 545
376 4835
3307 2082
273 2724
1755 4707
1947 2476
4452 2122
2817 1309
3193 3349
2411 3158
844 1880
251 4112
1230 4353
3865 3756
4971 23
1396 3845
2370 2297
1898 4735
2777 4440
4892 711
2990 1792
480 2328
931 4355
1505 3811
2863 1839
4346 958
2693 4373
3659 3750
1023 1626
1954 3794
1887 2446
771 1383
1231 356
1131 2747
4338 3001
457 1092
1081 801
1145 1578
830 3908
3695 3346
602 4102
3651 1975
405 3946
4972 2596
3752 1625
1347 3780
2570 3259
3185 915
48 1358
734 2444
4654 3726
3399 2582
3672 3447
1013 418
730 4923
69 2875
1841 3912
210 1367
2157 493
1050 344
3069 4119
913 755
4087 1919
1122 4663
3784 1881
2950 2540
573 4818
660 1604
3076 1334
3930 1434
1967 314
2851 3427
3867 559
1856 73
3947 1471
3852 3571
3446 3723
714 3999
2341 2186
1030 2930
4484 267
2865 4387
2582 3421
2652 2305
3467 3665
2287 2222
2662 115
3925 856
2987 4634
1506 1272
900 3099
4437 3378
937 59
4298 4921
670 1357
149 414
1693 3546
3732 570
1066 2708
1578 3656
1492 255
4562 4461
3777 611
3456 4787
635 1009
1723 3793
1183 3730
692 4691
1065 483
2204 1813
2661 589
3108 2551
997 1332
4992 3485
2276 872
356 4178
669 1817
560 1609
3012 3003
1550 751
4706 4487
2827 3271
4700 1593
1441 2360
592 379
4204 824
2974 1914
2106 3484
3133 4678
2282 1995
2245 4257
858 1239
1215 3760
2506 1041
226 1724
733 444
2799 1491
1176 4805
3503 3731
3019 969
4475 2719
2673 4464
1147 3043
1192 2339
2862 1297
1141 3404
448 3611
2384 3521
4365 2542
184 2541
690 354
3144 1330
2330 4525
2946 42
4415 1421
2243 152
2300 3164
4156 3071
3583 1091
1431 1265
582 743
2627 2681
490 2341
2891 827
817 2599
3658 1101
493 2249
2208 1895
3198 2500
757 3737
4120 1892
3055 1799
4527 3970
3488 4967
2697 364
1776 890
3591 4865
2278 2298
3963 232
2640 3619
995 2406
2821 4300
941 1509
142 706
175 3014
3413 1143
3393 4502
4758 466
2551 1617
1845 1260
2146 1368
469 3897
2566 3718
3635 2834
239 2702
315 2807
2028 2124
3788 187
2808 4176
862 3722
751 3372
3713 2017
2663 114
3245 4128
1679 490
4319 2941
2226 1627
3205 1397
2726 1667
505 4533
2302 312
2068 782
3652 4775
609 441
3284 2247
1892 3337
3139 1176
3242 518
1932 230
1863 2314
1847 2237
1256 2493
947 4235
3639 2381
902 3599
1210 2737
4209 697
4813 4840
2531 351
1360 4680
4417 3075
4084 1409
1301 3025
198 1878
870 3892
2071 3338
1724 2258
4966 3847
599 2505
2565 715
1199 1719
4143 456
2233 3509
523 4652
3436 3195
687 2822
3782 3906
591 927
3581 4737
1237 190
3588 1083
535 3803
2504 3299
2745 38
2684 987
3221 2633
4897 4409
4920 1435
4202 2675
126 3646
1612 361
1948 343
1406 4222
2668 2164
713 4724
1010 3131
4468 497
203 528
1364 2139
189 6
762 2855
4559 4914
1655 1379
1877 447
4984 173
2992 920
3571 2700
4579 1528
1996 3136
4517 2894
4910 2459
4573 1000
2042 2278
2206 4824
352 289
1323 2631
2637 1802
471 3989
2939 3250
3054 1860
1069 1554
1532 1093
3361 2753
2998 753
4467 3663
4946 672
4118 2379
159 3740
866 4231
3490 1583
3731 665
4752 836
355 905
2920 562
440 940
948 4812
952 1057
4557 3399
4578 4269
530 36
2265 4904
242 3192
2512 983
1832 31
3592 4891
541 2620
4293 1302
1701 2778
1800 3687
2641 3344
4719 1391
4483 2386
1243 1490
180 867
2092 2651
1833 892
4430 4240
1599 3065
365 1783
1564 3899
4037 1962
4088 2111
3394 4758
3693 1503
3987 2142
4323 2743
3461 1815
1754 3341
2772 1012
230 997
1328 1210
1614 1923
3959 1991
2758 1997
1179 3605
4731 4706
2999 177
2727 4401
4322 4614
3643 68
4737 1304
736 1236
891 2504
927 4491
3860 103
2263 1321
987 1327
224 469
3268 4971
2878 2569
2626 4878
1807 1263
2973 1056
1955 282
898 3724
1608 4187
499 253
2025 285
4518 3735
3141 3295
3220 69
2382 35
4390 1664
1158 2947
1572 744
38 4496
3464 3820
3422 1025
3233 2408
1579 129
1452 236
3765 2207
2485 3781
4572 797
4905 1672
392 1355
3849 2539
1073 274
2600 3463
1690 4972
3408 139
515 3907
622 1605
979 1255
367 3565
3771 4417
395 2198
2642 4591
1984 176
2811 4590
3633 3589
2015 4382
1219 2902
18 4782
826 537
2738 2143
1052 1684
308 4239
1005 2155
4225 3648
4381 1404
2917 3821
4447 1729
4029 580
2680 629
4030 2014
2 2686
4529 1270
2116 1573
4363 2468
2465 788
3611 2369
3974 372
536 3284
799 1436
2933 4457
3525 585
2354 4672
4760 2696
901 3300
3888 3769
2986 4389
1344 618
3848 4044
3921 2307
2397 4340
3837 3871
1201 4183
3841 1937
880 1977
4152 2098
759 4142
617 4708
4726 657
4516 3238
2362 1221
4105 47
1607 4578
4891 3508
4983 1865
1153 3477
3657 53
661 3026
4804 696
4480 3541
4792 3057
1362 1361
1965 4774
843 3220
4491 1789
3800 2535
3733 896
3457 4799
3753 3666
4329 1173
1466 2131
4219 3947
2630 3967
701 4263
668 965
32 2866
3762 3519
4594 1982
1200 1649
2082 3759
682 4059
4014 1102
3626 3293
1742 4908
4754 1960
1090 334
1289 4248
2659 4677
4722 771
263 3199
249 4408
445 3694
3684 2197
1106 3738
2476 2336
1299 531
1137 1258
1027 2087
4592 515
2541 712
453 4374
607 4636
4264 3064
4931 2573
2814 1928
4237 1650
557 3863
2934 4726
4092 4572
1986 3734
174 1906
3809 3975
4676 4074
2699 2253
4208 652
2163 584
1467 1785
3236 199
1941 3243
96 4395
4137 4347
1220 1978
3123 388
1067 4358
115 852
4039 4350
1618 866
1982 4232
4308 3108
267 1565
2687 566
4080 4713
3920 588
2792 4506
3769 2562
243 1253
3813 3554
3575 3126
3163 4987
2615 2331
2089 3628
4458 196
3258 4212
1735 1461
897 2332
3435 4870
3982 4521
238 213
4991 1201
2150 509
152 1835
248 3960
2823 3038
1268 2577
4789 3089
636 3531
4091 158
478 1104
2057 132
1404 3182
3770 564
4589 2576
904 339
795 3196
9 4216
3877 4698
4260 2812
3772 3272
2523 2691
835 694
4825 4099
1721 4813
834 2793
663 1160
1631 3943
4611 2107
578 2782
3140 238
3033 704
2707 4022
2298 1755
1204 4704
4222 3783
1479 4830
4683 815
329 563
4534 4471
4110 2069
1218 735
4552 1070
922 3262
4818 3095
1100 3173
3669 1192
3084 2550
1788 4097
1211 4267
368 551
444 1951
740 2678
487 841
1486 1545
3734 3677
709 979
2533 3483
912 426
3228 1600
1934 371
3468 3269
773 4588
4404 135
1890 2730
1765 153
1648 3607
3286 2981
2293 2310
3654 4981
892 4281
1517 1061
2654 1538
3016 2392
1518 2270
3475 2723
1644 3039
1502 1135
627 1723
1876 2804
53 3716
1813 3453
408 863
2459 1252
278 1918
2979 1653
4900 3764
722 1943
4166 4722
4639 1097
2115 4453
4635 454
2588 1273
3225 4795
2609 4822
758 641
99 1561
756 3743
3049 246
939 409
676 3988
3202 3623
1393 1713
1830 3104
1587 3537
1101 4623
926 4558
1978 4833
1203 1589
286 4730
804 590
2232 3132
456 498
120 2976
172 4141
2497 4361
3426 2805
925 271
1868 2302
2540 1405
3781 3559
1527 587
2442 2477
4179 804
2241 209
10 1424
4533 2649
4969 179
1126 2257
449 3883
393 1495
534 4426
4048 65
4407 183
642 583
3378 2039
4153 3270
1814 2570
3274 2798
1611 3311
658 1788
488 4472
4197 2103
2667 2586
1629 1161
3748 4158
4998 449
2286 406
1883 2808
167 347
4680 4597
3260 2086
3986 3210
911 4250
1825 2042
3596 67
2171 718
2475 2076
3851 4740
873 49
3717 3214
4041 2091
1285 1030
4940 3005
3501 3357
2686 3913
2698 628
455 1534
1260 2659
3895 1376
4541 2610
81 3327
1024 201
2253 2835
2951 1116
3159 3981
2899 3592
304 3917
450 2488
1664 4437
2022 606
3388 4111
3767 2567
1187 778
1212 2527
4073 4223
4772 1040
3940 2325
938 16
4133 1786
2402 1776
1802 2787
841 4912
3288 99
2167 2370
4232 2154
924 272
4618 1502
3690 178
105 736
4574 954
4794 4299
350 2276
721 739
2791 2140
1418 4209
2904 1303
3403 1683
3400 3449
4644 3139
2147 3719
1035 4765
794 3408
4711 2960
1545 2441
3459 4612
3677 2797
1746 4444
467 3265
3474 3746
1729 4810
76 2513
1154 2187
2466 4732
1182 1284
2510 2026
384 3169
3246 1118
3942 2763
887 2216
4893 1393
2977 450
1626 4174
1951 2044
3363 2525
3780 3031
2754 2618
1977 2049
1646 636
2143 1748
270 159
4821 1200
229 3222
850 2579
3434 1608
4596 3013
4750 1780
1049 4738
2564 3725
2216 3420
2239 3890
1490 1244
2327 2156
2219 928
2842 2268
2097 1822
4432 3226
553 4149
4684 1935
3786 4344
92 1706
412 2021
2980 616
2415 2775
1193 2274
3615 4169
4836 2481
4291 3183
3171 1419
2214 1749
4764 1872
1589 204
227 2093
2669 2848
4980 4513
64 1844
2295 681
254 373
1772 3165
3173 792
1808 2418
2487 1633
57 4766
4470 2220
1855 2355
1470 2390
2337 2265
3915 4191
390 902
3538 70
4095 2159
1563 2543
4981 2280
4085 1936
769 964
466 34
2037 2309
1809 3555
2539 1971
2859 245
903 383
4239 1475
4504 1956
2275 780
3270 1154
310 2061
1454 595
3013 646
3074 2051
2618 3824
63 4484
1574 3198
1045 3708
4681 330
502 1894
4307 1505
3548 949
1148 4710
2148 3251
1335 3051
1542 4756
1422 873
1691 1443
3796 1606
4199 1128
4158 1511
2195 4227
1931 168
1997 978
2515 1266
706 4335
1976 1725
1570 840
4571 4910
1071 1059
1501 1794
711 4868
700 875
2501 728
684 1408
1043 3879
220 3564
2126 1580
1195 762
2424 486
598 3544
708 4140
299 2262
4473 625
3338 3979
2557 4577
4402 2357
4 2701
2721 1111
1872 4326
2267 2617
2601 1967
1331 4770
312 4929
1127 294
1305 1167
3729 4631
4058 4057
2853 1699
4023 4246
4815 4601
284 148
1457 2456
872 1047
1434 2963
3489 3766
2711 1863
2547 2770
2053 4863
3536 4451
3431 4522
1586 4101
2211 930
1400 2604
3597 1825
3667 292
2660 952
3135 685
1395 3618
3624 2019
1214 1381
4081 3080
13 3462
1338 2509
1430 2003
3593 1188
357 3911
1117 4669
2833 4089
2174 2356
1184 2030
1785 2288
2306 2607
787 3789
971 3543
1114 3858
2222 4307
2981 3009
694 374
300 3345
1464 2057
691 1768
2838 709
1012 2161
3304 2323
4864 1317
2722 966
2490 1232
1138 4659
1483 1398
2345 1380
17 4739
2448 368
1321 3336
2717 1067
407 4338
2735 668
1640 2117
2621 438
4628 3914
4848 932
262 2045
4636 2400
2887 1744
1748 1798
1504 690
542 3359
3761 2564
3961 897
2944 248
3892 87
852 4961
4930 21
985 3052
2340 2414
1819 4083
2706 3930
934 2417
3775 1132
806 3525
4420 1990
382 2230
4769 1371
104 1477
3167 3268
2158 2954
2111 760
932 986
