5000 5000
5000
1804 1127
549 3932
801 1767
432 3455
2067 1519
4292 4219
1637 2741
2584 211
763 4053
631 139
3875 4464
110 3556
2272 797
481 4817
1060 4950
703 25
2606 798
371 333
1333 4753
2772 4796
1252 2397
2287 950
4094 4744
3187 606
955 3162
1549 27
2460 2668
3582 2224
1691 4233
4850 2515
4191 2508
2986 3027
3103 4074
2476 2294
108 3697
88 969
2732 1546
2311 89
1604 1443
2368 1650
1654 1151
1323 1238
2788 2970
2705 3104
2059 4928
1683 4026
4491 3893
2242 363
1078 258
447 1717
1303 959
189 3974
3702 1652
3867 781
465 2677
1566 1144
4884 677
799 44
1468 4809
4049 3524
656 304
1901 4245
3769 2410
2825 4314
28 1431
702 2011
118 1361
97 3163
3224 2645
4829 3138
2994 1910
1975 2008
1772 3778
4730 4756
2860 396
3865 1099
4793 4037
4321 2754
2230 1206
2017 216
256 3088
2776 3889
1054 3544
538 4996
3132 3776
2002 2838
698 50
3623 1968
165 4119
4450 411
836 752
1015 825
4709 771
2770 2085
2052 3085
1725 827
4830 4455
2979 4708
4525 3562
4544 814
4623 3854
2359 1198
1381 2839
1982 1149
3785 998
1656 2279
537 1304
3835 2780
1229 4491
178 4639
2789 2614
4015 3129
3311 1369
3705 4902
433 1110
713 4741
4726 963
3396 61
663 366
3231 2306
3215 4482
3808 442
2721 443
2833 3221
3097 2740
1726 844
1192 2335
164 217
404 1125
4005 4960
2231 2486
4457 2212
3087 515
2663 84
2286 26
3980 3415
2627 289
1307 1687
4511 1218
286 4672
117 4166
3597 4646
1825 1161
993 4688
2507 4807
2759 2674
1410 2836
4580 436
229 1584
3250 1406
2915 1676
923 3493
2306 1303
1446 1123
857 129
754 133
600 2046
657 577
415 1119
587 1137
1314 4463
2879 4335
1420 1419
1235 1305
4278 1983
1855 1811
720 3702
2731 3396
2079 1966
4834 1696
2918 1240
2324 3491
1480 793
2307 1320
4348 1828
4704 1043
4610 2843
2127 1004
630 1651
4880 3653
1331 3312
4207 2909
3401 2393
2374 1702
4177 4710
1458 3772
2224 4991
2827 3552
4816 3643
3355 4935
3154 2831
393 2775
768 3954
3572 4596
1927 4955
2875 612
775 3495
3714 277
997 544
4719 1415
1697 4970
86 2563
4085 23
1562 4641
4298 4075
197 610
4635 2187
4154 1420
2551 3838
2378 3935
3283 2374
361 943
4295 1913
4051 4286
4522 2567
2305 306
4371 2365
3340 344
994 474
3809 689
2094 3320
1046 2396
1009 4285
2100 1445
2121 2586
21 1436
4535 4076
4493 905
524 4757
1556 766
3914 2229
2871 668
1809 3367
3872 2846
1525 1646
848 1721
1376 534
1490 3554
984 1107
2720 645
2843 2093
2516 3055
4403 1003
523 2865
1316 654
3111 4846
3219 1688
1797 863
4682 1276
1487 4204
705 495
4866 1087
3703 559
1626 2652
1346 2451
2604 3203
1211 228
381 4323
377 2427
2087 2179
2806 4884
2536 839
3530 1970
3419 1327
162 4380
4219 3543
2989 1326
4905 1705
4633 2297
2051 741
3172 4684
503 1877
101 2631
961 924
544 970
3633 1500
280 4484
4189 976
723 2932
3827 4272
2679 1944
1765 4871
3161 913
904 2537
776 3107
3590 2364
2106 1505
3524 854
2069 183
1237 1790
31 992
4057 4853
3056 2510
2971 1339
964 4030
2996 1483
174 3435
2217 66
4267 2300
2877 3997
1561 154
2316 4865
4964 326
4811 4624
1930 2686
3884 1639
4227 4500
2461 2368
1205 1600
1721 2840
3526 1953
1974 439
1560 590
711 4689
2566 4450
3846 3648
4783 995
2160 4531
856 1609
2741 682
4524 3522
1427 3369
3552 1247
1625 1915
790 103
3278 984
4759 1
845 4027
4592 1730
4818 1538
2157 1507
4518 2325
3446 3723
2193 2916
3129 6
3950 2520
4551 1183
2493 2799
3427 4700
1026 4149
3235 2802
2988 1310
4394 2327
1270 2939
4465 2933
868 4292
190 2869
4683 4330
1341 2331
1110 850
1416 1690
208 4393
3932 244
2050 4556
1737 2821
1858 3666
3286 4116
2678 2506
89 4533
1811 2332
3094 1686
632 1023
4364 4038
1897 4346
3683 667
2753 1928
2998 1054
3756 1758
4152 2823
3688 4082
4534 1699
1289 1774
864 1892
63 3550
3473 3642
1188 4217
3405 2405
4642 3834
2473 1261
1577 4767
2607 3481
949 1132
4032 4804
4844 1888
1749 564
1767 213
3199 2340
2704 4107
3459 21
1442 535
2831 2252
2959 2964
1567 4508
2557 3295
1296 22
3970 1949
4502 1052
1353 2918
2459 16
1230 471
4637 1307
746 236
4579 1246
3062 1372
629 3165
1245 4274
3560 1323
1935 4727
2581 4369
4053 1554
1881 2278
561 200
2497 3124
1673 3949
1997 810
4658 3584
637 1743
3934 2018
2961 4137
4507 3569
3269 1709
3943 882
2597 4174
4937 666
4615 2400
1789 1679
4289 1213
1516 2551
1542 2367
2398 3011
1302 142
4689 1559
2071 3977
2641 4051
1273 3434
2839 3647
1099 2349
1076 1727
1349 248
4622 3804
2591 2735
3817 1996
4432 2767
4215 3380
737 3801
1043 481
2209 4214
3673 3409
2198 3672
1877 3227
3915 1569
2244 3568
1559 2503
577 4122
640 3123
3460 395
4531 4749
1861 1042
2332 2375
1909 1927
4574 1553
315 2771
4276 2006
884 325
2785 2504
1790 2304
226 1232
3104 4457
2025 2774
2102 2649
867 2186
4588 4617
3044 4740
1473 2159
1322 2258
4983 1856
766 3583
699 1501
3977 4611
4596 1901
2440 4999
3006 2594
4145 1022
368 2935
4271 384
1996 2574
1771 2581
611 2216
2715 2401
2555 831
2123 2013
1204 2718
3253 4095
247 2286
4165 159
2578 1155
4486 1214
4892 2039
2172 4091
3342 2589
320 4458
1157 74
4237 469
1466 2587
306 2268
3373 1807
817 4263
3685 4557
2889 2131
1926 37
3160 119
4663 2054
171 3310
2255 2158
4857 1530
3770 2153
1907 4140
4234 4887
4780 4468
2404 1574
4474 1916
980 4682
2090 3376
1774 166
95 3693
73 3192
1039 3082
3375 4105
3710 2717
2299 4763
2522 2218
1931 233
3470 1733
591 3341
1417 2263
1077 3005
4407 3756
1003 4654
4108 1602
450 3988
4529 1712
2863 2481
685 3092
910 2040
3863 2950
4080 2960
1263 412
1574 2983
3356 3479
166 1353
3802 4366
4639 1770
4762 3073
579 2346
196 1528
1715 841
2394 3975
2436 2411
4391 2959
2480 2592
1395 3597
2036 4086
2672 888
3207 1681
756 2975
4938 949
3178 3135
132 1070
29 632
81 4413
4054 3915
1500 843
2729 1875
454 4518
4042 4513
4856 4160
3316 2394
3254 3823
4233 4869
3566 1750
1354 1548
4116 2493
907 2730
2848 4451
849 1659
3570 824
1503 449
3148 331
881 511
4075 2733
1489 2192
4306 4574
2487 135
3502 3272
3089 3959
252 3114
792 444
3251 375
519 3095
1854 1410
3505 4915
624 609
4418 4200
1682 2560
1412 36
102 733
4411 1113
487 67
778 4021
5 1173
4755 1164
733 4885
1746 1124
3715 991
513 605
2623 1788
3264 1672
1960 1440
987 4698
745 1725
444 626
1430 1322
672 1756
3656 1593
2043 3251
3292 1331
652 2769
4065 3348
2873 2442
4873 3764
1056 2175
456 840
4536 3164
2158 2945
2122 4896
1208 2022
4761 1863
2167 466
2111 329
4336 3982
3486 804
2227 4981
762 4014
951 4406
1203 4133
1632 2376
3831 2198
3850 2107
3839 1549
4288 2700
3398 4770
990 4000
4644 246
4539 3318
2380 1952
3233 1038
3248 759
2387 648
2081 2313
1663 3313
2053 4924
107 1906
3744 849
719 4024
2335 1061
3059 1435
589 3510
649 3995
2655 1404
3719 818
4031 2953
4641 1050
3901 2783
242 355
3047 707
38 3885
3130 3370
3049 56
322 968
1820 895
1408 859
1619 421
3666 4820
1461 665
3822 2878
4505 3714
2662 4629
2008 3487
3810 2475
4995 491
336 2141
4184 3739
2818 4771
2065 3342
885 4561
1878 3256
3184 3933
2326 4176
3679 1382
4765 2277
4506 607
1939 1334
4412 2753
275 4055
4440 2906
4409 3744
771 2886
1866 4522
3671 241
3678 4109
2673 1449
1992 4845
4921 4384
4111 4847
3832 3970
3631 568
3478 2244
4700 1575
4521 557
4310 1645
1557 352
4056 3156
838 319
4332 2509
3482 3638
4255 2280
3261 881
662 4832
327 1033
1460 2428
4870 625
4303 1813
373 2195
434 3761
3041 1540
70 287
1005 2699
728 4608
55 2354
4426 3558
4732 896
2410 315
4713 2352
2152 2676
4483 4333
3684 1803
1785 4316
261 3146
1551 688
387 32
2200 981
1621 1080
2518 4985
4423 3931
604 2692
782 2021
2547 556
3464 3733
967 2450
499 1862
4677 3218
1369 1178
4132 1510
548 900
1052 4838
3408 259
4296 4236
2424 2117
1780 2417
3737 1126
4488 1024
4500 432
482 4870
257 4929
4716 4297
4678 2994
2171 4100
2488 4579
2976 2474
4758 4195
3066 3504
4840 95
1816 4312
2273 2687
254 1262
1400 2595
2657 2847
3392 2092
2256 2115
865 3735
4795 3404
3344 210
3358 3705
4976 2976
1605 2145
53 2617
4606 2109
1435 4313
4338 1425
2173 3190
1643 4385
504 618
4037 4773
4063 4017
15 137
1846 2600
3445 1314
505 1041
281 3547
2019 580
3624 2814
1628 147
812 362
1832 1961
2417 4187
1063 3233
2911 4572
3861 3338
1014 2356
2809 4087
1814 3611
4693 887
3711 4209
1476 4546
1869 4293
2767 3553
4943 565
438 3805
1106 437
460 2633
130 4227
3707 4504
2775 3386
2331 1390
2844 2415
3298 2134
220 434
3440 2597
337 1421
739 2164
3086 3340
2561 4926
1553 1342
1622 3849
3493 1708
4541 3051
1850 2322
3276 2009
141 3858
365 3968
1262 58
3501 3056
573 2864
2751 3506
295 1289
122 4489
3557 1394
3442 1484
2524 2302
4468 4789
85 2121
4786 1541
1595 4262
4568 2496
1179 4321
2857 373
3903 2971
3869 1864
214 1620
3368 846
4247 1547
753 591
4831 4936
2520 1524
3119 4396
4262 2264
1848 3288
1810 548
3771 2348
284 592
2245 4948
2401 3742
4743 4201
1275 1264
917 2889
3387 4164
4464 2857
708 128
370 4864
4485 1252
2718 1005
2585 4735
4727 3335
3277 1751
2085 1175
4924 3701
2133 2672
1484 364
69 164
2902 465
471 94
1488 1418
1049 4008
2656 659
582 4044
707 581
1426 2101
2382 192
2151 121
940 2573
4266 3580
804 3828
3157 2203
3151 2
423 1806
1007 2484
2137 1115
1469 3789
3847 790
912 4311
3908 2875
886 2763
3485 4797
3195 4528
4553 2089
4480 1391
1894 2796
1590 4278
608 2870
1163 3441
1021 1643
1976 4067
4911 3634
2847 2762
2821 2194
3290 3980
2120 4437
2618 4453
14 1185
634 4056
834 855
1885 3694
2076 279
627 2167
3723 573
1257 1384
982 3476
4131 2957
4953 242
4365 3326
3746 3205
1321 4849
140 1405
4325 3534
4741 2659
2906 4196
4738 2569
3011 57
1440 1759
3757 2720
4970 1578
4445 4844
902 1555
1330 506
3818 501
4121 4746
1781 1857
2962 1148
2605 545
4171 1999
1565 4102
4333 1642
4740 2963
3318 1337
1966 2755
1282 409
954 1896
899 3963
3717 4972
3874 3267
1422 80
1606 2531
3930 2607
1383 1832
342 3285
2376 2007
1615 3339
2189 1315
1841 393
3294 1958
3833 999
1550 1179
4398 1348
4578 2103
4390 2708
2867 2419
2056 3781
2982 516
3112 2178
2710 3800
2888 312
3343 4193
2883 1878
3548 4559
3984 1018
4072 595
287 398
2621 3238
935 4073
3600 3503
151 1109
1986 2885
1539 4134
2983 1550
3765 2883
3855 941
1109 2259
1524 78
655 4598
4195 4799
583 4911
1610 3373
16 3668
2348 3372
2674 1008
822 1015
2995 1992
4801 69
1967 4332
2098 1076
191 4697
839 918
3931 1870
2389 418
417 4980
216 3351
3826 633
2040 769
4340 2582
1287 1130
1540 2713
4400 2338
3841 2026
827 1698
1587 3767
3938 1638
4557 3494
2774 2262
3455 138
3171 2169
2155 2208
2237 2205
942 3167
3738 1726
2313 2160
3420 1800
1718 2922
4147 90
3491 2752
338 253
2339 2941
4883 3897
1241 1819
4586 910
1042 4602
784 2927
509 1329
1753 2944
567 3049
1356 3526
1304 2577
4435 3096
931 120
2762 2437
1059 4687
2425 877
785 4637
4070 1818
367 1001
240 3561
4258 3690
382 2557
3956 4035
1024 1946
2499 1831
1838 783
1274 2781
2458 1936
3749 3519
1653 1599
4523 1644
920 2511
2478 1366
1231 3677
651 3459
1375 3033
4095 1293
3892 3570
3239 587
2246 4097
520 1668
2819 2726
4374 1704
121 4502
1391 4515
2329 4281
2952 4875
4136 1037
316 3257
4490 2553
4744 1632
3400 4268
3093 1782
3525 1496
1438 3240
614 3301
1782 727
11 4208
3228 2086
4563 2324
3088 4801
677 1055
2923 3946
946 2819
943 4448
1066 931
2686 4383
4977 4933
1171 2727
566 3658
2479 4858
924 4118
4052 567
2564 3134
1385 4386
2343 402
3933 2882
35 1994
1507 530
2373 1237
24 1244
851 997
350 2723
218 2538
1064 614
4902 4046
91 3994
173 1580
3603 2710
267 1017
633 4494
273 2105
740 3302
613 2805
2278 3962
1370 3099
1067 4254
3449 2579
157 1963
2143 751
3893 4104
1429 4676
3811 921
4583 3018
968 354
959 3512
1798 4390
2556 3812
1648 3182
2250 3375
1787 1026
1613 2320
2913 2517
2208 1895
3611 611
4527 3275
4734 1635
3627 460
4918 296
1547 2226
1896 3079
468 1694
2132 2522
1415 3161
3844 4852
1471 3502
1950 3860
4489 2242
2945 662
1760 4411
1738 4112
3310 706
2991 674
385 3057
3194 4538
1373 1456
4068 2685
3390 4171
4858 1030
2748 3023
3912 542
1534 4360
4886 883
1424 2639
1569 3477
4603 1798
4863 1190
345 2523
1920 3090
2498 4529
244 3029
2083 4889
3519 230
4433 1735
4593 2369
4396 1192
476 4750
2337 4573
496 3224
3070 547
2824 4833
2538 3417
142 4231
3499 1272
3033 4307
1222 2638
143 99
449 4545
1775 3681
3776 4998
1329 3919
4951 1492
1928 4532
3376 218
2154 4249
2099 2310
2644 1663
2145 2931
610 1935
2652 243
4629 1933
4472 4913
731 2311
4302 4812
4133 1964
2293 2913
729 813
4742 4722
4670 178
2238 92
2865 3168
2371 1772
3859 1934
4928 987
3443 1229
4859 1082
2001 2102
12 1058
909 2025
2638 493
1898 1135
4002 3953
4945 4070
3617 2980
3436 1176
1089 2058
870 215
2787 153
797 1974
1945 1134
3370 3284
3127 4668
1393 2907
1207 2447
474 1075
4992 4409
3775 102
1672 3768
2851 4923
1116 1100
1162 2436
1641 1340
2026 320
3742 336
1254 3229
2482 687
4876 3414
2073 426
4809 3887
115 4220
2408 3115
2829 3703
52 2044
2268 3145
4410 1373
1173 3346
4806 1039
805 463
1803 572
3384 2770
4274 1589
1671 4939
4668 4593
4183 238
2148 3497
545 513
2781 1738
2545 917
564 3810
2834 4349
1028 1402
873 2126
4355 3816
326 973
941 4375
3028 4103
3188 2312
3640 2670
3628 1763
4631 3523
664 1424
2454 1673
364 283
3947 1618
3987 2855
2367 1614
4590 3112
1958 2174
64 2712
1053 2255
3971 96
962 4367
4602 736
3287 4295
4702 4535
3465 2748
3379 4403
184 4653
1025 406
4114 602
1678 1623
4193 1586
1074 4179
1651 2698
2586 1476
1745 1299
2935 389
2018 2129
4280 1887
3645 742
2191 1969
213 2666
3057 1036
3394 131
1359 2948
2011 2372
3101 2362
846 2704
2711 1049
532 1783
4785 1518
2472 1458
2553 1720
2835 4898
2240 4493
2738 1834
2451 1880
4246 1582
1209 2065
2697 4837
45 1249
1703 2027
3642 2122
98 2182
3096 3928
1295 4449
1856 2096
842 928
4463 4958
185 1867
1792 4881
4760 2124
2027 1426
172 88
1268 2247
3438 4731
1970 1682
3774 3212
2276 2123
1486 2270
3876 3208
1903 3749
3680 390
3314 1317
952 876
285 2165
4366 1757
269 2852
1071 3306
3708 2565
7 2413
398 3657
592 2289
1572 3039
3147 2860
1439 3765
4174 743
4422 4225
1620 4755
3351 4011
3192 1700
3027 1855
2346 271
2929 4213
4448 2987
3325 3430
3317 3722
1544 2612
2003 3071
1030 694
2529 4863
4142 2661
2214 3774
4867 3078
2055 4785
2728 1375
2156 7
948 322
3315 407
922 3758
307 4841
3504 1748
2210 1664
1345 4920
3969 4860
1526 2185
2492 2406
620 2329
1272 1844
3139 4438
764 404
1912 4094
4630 795
736 985
4597 4456
3497 4751
430 1060
4810 3030
4427 3384
1817 4509
3121 93
1740 845
5000 4782
1905 1068
1206 24
1193 4679
2836 3483
674 1773
2664 4604
1802 1982
2195 4487
1636 2954
4537 3817
3363 311
4251 2682
3575 1543
1279 1399
2426 2261
1921 3716
2510 929
1095 664
3037 2399
569 2480
3736 673
1334 1312
356 904
2699 4743
963 3128
4471 2361
1757 3863
2353 4993
3085 3009
1093 1701
3146 489
3484 3007
3038 3719
2169 4434
2096 3000
680 2118
3695 3105
4605 2697
1258 719
1502 4685
3234 1297
4413 4155
4259 2629
4839 4876
262 3841
383 2062
1027 4667
1189 146
1145 3851
2920 356
3259 1894
1952 1660
684 4183
3000 1189
2298 4435
4969 3706
1639 3300
2708 4443
4392 1287
4984 4306
3100 162
3972 2308
128 4416
4922 1972
4722 4018
1769 3076
2300 3709
761 1570
378 3387
1546 1713
3060 583
2950 3013
1337 3792
4293 4192
3054 4472
2360 3194
3845 3470
4710 1671
304 1610
3395 2757
2550 554
1117 2888
1793 3155
219 2545
2281 2227
3225 527
389 158
1338 1169
3731 1564
147 1380
9 3505
2386 755
2525 117
1644 528
695 3153
635 1662
1675 1508
75 39
1693 1413
2212 663
294 4255
2893 205
3923 646
2144 2173
2125 533
2617 1215
1720 1485
3953 4461
2318 2267
3699 2951
3073 492
4018 608
2338 3652
1260 2917
3948 1948
3035 3006
1080 705
889 2680
3457 4373
3662 4606
3851 186
3164 4635
3598 4257
230 2232
1387 1852
4459 2998
874 4356
2508 1351
855 2002
4494 2559
3365 165
4301 1104
494 650
507 2479
2733 3859
2403 1526
2264 4043
4959 3618
1530 2555
2841 789
3694 1211
2760 3403
4212 3149
439 2986
3437 163
2295 569
1219 4968
1069 1114
1665 2445
4842 2454
1131 247
2284 1851
153 1753
3053 3184
1394 264
1310 369
2397 1460
1418 477
473 2180
2035 4328
3594 4597
3333 4093
2078 494
3120 3821
4827 4444
2233 1186
3792 3427
3520 4170
3159 4064
4156 3577
3273 3514
491 1226
4356 1332
4091 3433
528 4184
4252 620
4146 3480
4939 342
4973 2163
3639 3640
2619 4765
2958 1471
3513 1816
4128 3614
1727 1710
3924 599
2717 1965
3357 85
58 4066
3957 2079
2682 2593
1352 3940
4089 3738
1447 479
4343 4060
2042 3280
2837 708
2080 430
4235 15
3990 1633
1971 1195
1660 3261
826 1975
2636 4742
4718 1280
3860 309
643 3927
2350 3960
2826 3688
1713 2791
1847 842
1101 4605
1690 3847
4952 1955
2694 480
3649 2097
4226 3753
4067 1522
2816 2737
2815 2260
1253 695
2894 2965
3546 3478
396 4536
4542 4145
2903 520
908 4445
1783 488
3166 1859
3301 848
2968 2467
204 1197
4205 1558
1324 3069
3416 740
3565 4258
3001 3868
2258 4477
4652 2519
2925 1284
186 3014
1851 1121
1167 2166
2089 28
4514 2877
1378 2539
4851 2326
2588 3365
2204 2926
933 4121
13 2049
3755 134
74 2250
1325 1330
3084 3754
3494 4377
1448 1517
4585 3282
3748 615
4041 429
773 1235
3461 2076
1367 496
4589 3704
225 1350
3312 1219
2630 4228
3979 3684
1398 3609
2544 4986
2014 1158
2747 1849
1062 2568
1532 2817
2744 1769
2063 3021
4010 1257
4179 4261
3385 1386
2590 767
3422 2540
3150 184
4549 267
3571 744
2363 2459
1351 2239
1496 3089
1754 3691
2632 3955
1347 367
1956 3137
1292 1029
3339 4517
2452 3598
1614 34
4102 1781
3667 4662
572 4673
4395 4592
1107 634
233 3563
1742 1886
3545 3151
2613 3423
718 3651
1833 2919
2475 4686
4575 1595
156 110
953 1794
2201 1544
741 2991
841 4218
1217 2795
3894 2489
3663 1338
3644 416
1100 4910
939 4977
3432 2828
3509 4128
3198 2190
493 1841
929 2171
2308 649
1220 2534
195 1615
1086 4790
1570 853
1140 1142
1794 2897
2115 174
4118 1359
3954 2675
324 586
4698 3120
1751 73
76 1861
2184 2036
3280 438
1202 539
1317 750
2878 3786
1711 2199
2270 4541
2211 3667
2203 1078
3587 3133
4671 1074
1806 1367
3371 4497
137 2439
530 303
424 2214
3783 3305
1187 313
1830 1938
2429 2316
915 1309
3140 579
428 2408
4915 2546
2483 4185
2537 2818
3925 593
4415 35
283 4758
1079 2657
1594 1234
1582 1931
2469 114
3937 42
2188 3468
264 2499
4283 2696
3988 433
4616 651
3193 249
1355 2707
932 2528
2677 3144
1366 685
1915 934
1623 4058
969 1040
4957 3334
4958 464
1933 3950
647 4315
3918 191
1957 1925
3467 2628
4397 2341
3814 680
1763 1446
3885 3627
3537 1557
4612 2328
2392 1222
3169 111
1134 2996
116 596
597 1129
2490 3349
3883 1766
4498 193
4504 1428
1363 1000
349 347
757 3731
3968 4244
4469 739
2390 4467
3201 2798
4720 3449
2797 1778
2239 1376
3173 4241
206 2759
1456 2423
1168 4372
926 2120
2420 324
4654 3111
4322 1032
2135 541
3542 4995
4369 4039
4820 3752
3672 2366
1591 2360
2463 4143
3348 1571
3313 3511
4217 4524
4476 3401
866 4917
1495 1617
3890 3520
829 4248
2528 2416
4160 3361
2840 3122
300 3527
3556 3921
2599 2355
988 2034
807 3064
1459 314
759 1653
802 1378
4158 4656
32 3475
4733 4997
2141 4661
1404 2688
1057 3442
124 2466
2946 4216
4599 1808
2049 4131
3345 63
3108 4252
4947 653
2449 3222
3853 2863
1608 1427
68 2251
706 3715
1906 3166
1339 676
869 3710
2794 1562
4003 1290
1483 2257
2954 2824
1223 2287
3016 964
580 2110
3686 4158
1449 1545
2465 2694
1492 403
2924 4447
358 343
3326 4777
3185 1021
1963 4194
1092 4979
1724 4302
3024 4713
483 2681
1250 681
2385 1908
1674 1084
4012 2961
1482 870
4159 2505
689 1853
2616 472
467 4670
1348 3848
341 2030
2752 2424
3418 3590
1357 335
2274 250
4389 4563
2907 4560
936 4161
1705 911
4155 1490
4559 1239
565 2386
3237 4992
1836 730
3646 8
2450 2622
3767 2566
127 379
4417 2809
48 3317
2296 1535
1759 3025
2438 3214
4499 2721
3511 1278
2251 2359
4124 275
461 4242
2931 703
2414 1749
3204 1885
77 2619
599 4600
521 531
4112 2063
416 204
1719 4916
3220 873
3481 10
3966 3655
2725 1079
977 4310
464 3148
2314 3747
2315 4795
2822 4325
318 3176
4626 2377
453 1534
1129 3026
4628 1845
4875 893
4798 1478
323 2491
3117 1628
1328 3237
4261 1881
2347 1221
3249 4931
3469 4045
1452 1796
3266 1922
2573 231
3535 2253
3581 3879
2941 4319
3895 4063
898 1848
4007 3242
3911 2455
4199 558
1308 1624
3929 3551
251 829
1853 1444
2275 2433
4059 4016
4153 292
2807 990
512 3802
2870 920
533 1154
1085 4341
2904 4704
167 4454
585 2269
1343 502
644 2047
2161 427
1522 2028
3825 2449
2895 2832
1428 2929
3372 753
3091 1266
4890 2309
1216 1439
3417 1108
1744 3941
3967 3211
4699 3360
241 2974
2470 2833
1 3044
1148 1583
3279 957
3919 485
1517 2851
2421 143
4347 3248
3834 4432
2375 2379
3036 2955
319 2108
2724 3588
1863 227
4281 4719
4326 3664
390 4001
3962 2526
4766 3359
796 4331
2667 2901
4342 1172
3515 1193
2587 2830
1136 712
4708 2149
3648 179
2596 2197
495 4408
4696 1865
1281 2000
1723 256
2739 3592
1215 4440
4 566
511 3383
2899 4828
3302 1174
1283 3621
1051 3032
1948 4738
3196 1263
3862 1670
2649 699
149 4566
2441 1091
4963 199
1186 2435
1709 4650
3441 2999
2070 43
4449 4839
531 3865
4690 894
1689 1941
1887 4139
3223 3253
2631 4944
1210 907
4833 2627
4517 3116
2773 3405
3032 2265
2568 1626
2181 4607
144 4130
4729 4856
4701 3050
594 3926
1849 851
4378 2527
858 747
1600 2077
584 4974
1596 4202
1826 2426
270 1692
2802 98
3727 3777
1311 4290
1895 4084
2670 3299
250 939
4803 3899
3472 4354
882 724
514 796
682 700
46 405
781 1448
3152 3726
1940 3831
1244 3140
3479 4866
3998 4712
347 266
3880 2598
18 1371
1603 508
1259 2731
2247 1324
3098 1835
1777 2283
4558 3972
372 3549
4990 897
1016 4352
1865 2059
2134 1034
2926 3641
2119 2588
2 4577
131 2820
441 274
4968 874
2415 377
379 4570
2228 4318
1788 195
510 2431
4503 2221
2294 2548
2645 3382
2362 2237
4697 130
4646 1825
3554 2810
3110 822
3128 1488
1269 3633
2395 764
2917 4474
4986 1768
328 1216
145 636
1386 4988
4201 3015
892 2841
1098 714
727 4459
4000 1563
3724 378
395 1830
4084 2130
3687 3019
3308 2032
4245 1791
1174 1162
3619 3303
4203 2004
1640 1734
767 500
2974 3091
2153 3796
3900 1718
3346 295
4934 600
2447 3607
1041 2583
4673 4180
202 3720
4679 1044
2116 4096
2990 1685
905 4695
4587 3463
2651 3083
4614 4590
4954 3820
732 3872
880 3644
129 2344
4520 803
133 1742
3576 2055
442 4648
4941 2620
1000 1706
248 1809
1010 4975
4096 4376
235 1354
2007 1732
3162 1981
3145 1370
3019 2225
4368 1658
791 251
2064 1890
1509 1083
758 229
3942 3216
1904 1259
4034 2722
3878 1101
618 2728
4287 657
2660 3001
4126 2337
2763 3984
3240 1509
1961 4945
1238 2561
2062 3354
2798 2808
3393 4405
4350 2371
4967 1112
1818 4003
4512 3991
4104 1486
1285 145
1662 2992
43 4521
2179 801
2932 926
2041 1453
1115 868
71 1097
3540 570
1364 722
3135 75
2221 83
1055 4207
1598 3041
4373 2943
2322 4823
2749 794
3329 3906
4055 1138
1954 731
2540 3538
650 17
883 2299
3674 3533
4545 552
1246 1081
4090 1693
1320 19
3106 2245
4019 538
408 1907
2442 3314
927 3630
1319 2471
462 1566
1365 1242
397 1414
2527 1780
2594 1514
835 3689
4824 3623
4324 4669
2045 68
1959 65
3050 4433
4357 4665
4907 770
4358 4223
2552 185
1499 468
4836 408
1520 765
4776 2321
3109 2095
1819 1412
2023 3010
2675 4638
1294 2644
469 4374
4225 4071
4792 2072
2039 3043
2178 2152
891 1824
374 55
1224 4329
1513 3914
2610 1884
3976 1987
2435 1377
346 960
2163 2492
2693 1147
1497 2785
3698 2914
1791 2673
1983 4028
2325 4498
3256 551
4530 2020
2901 4827
2898 4239
2477 3068
2869 3296
406 1031
1680 1760
1687 452
983 4077
1752 1182
552 4784
224 3606
4650 2966
1128 4800
3677 109
1463 1891
1730 2866
3200 3173
2890 4337
2226 2745
3830 2776
3191 2452
343 1271
1437 3625
3107 1243
3653 1536
1669 624
54 3262
1396 1346
1538 4628
6 619
258 3605
2709 4932
1867 762
1989 2928
861 4002
1597 3187
2321 1328
1504 3172
3424 77
937 4226
2166 3378
243 1960
2669 3916
1978 952
3155 3581
8 4810
2846 4156
1111 3791
1575 1171
1736 2446
4327 3806
2966 1912
3300 560
425 2462
2024 3795
3381 127
2944 504
384 288
4601 4609
2288 3616
4819 414
1013 4861
4113 1979
4038 2138
4756 3952
2344 4814
721 3329
4123 2078
299 2684
4101 1779
1280 305
277 2168
3949 828
2922 522
159 1903
1113 2140
1879 1430
3563 337
4046 125
1169 3866
4277 2303
3118 598
4757 1677
380 1499
4929 2550
2196 4391
3076 1799
2526 3003
488 3469
1175 967
3299 3678
351 194
3508 3827
418 4941
3323 4903
2356 1976
1805 4537
3729 1900
3 3031
3218 2391
2402 2412
1611 157
3025 4199
4879 1715
3069 4421
668 144
366 974
3665 643
2713 597
1584 2017
641 3308
3532 380
34 715
4607 788
4318 1561
1088 4824
3071 2388
1813 4918
810 1607
4166 2438
2084 4481
1454 698
553 1511
1470 2801
192 2630
2805 2734
2572 1273
1384 212
1585 300
126 2747
2513 1989
2310 890
681 4811
4143 3945
2532 3845
3538 2483
3020 4953
2936 4618
4664 4946
4554 4344
3614 955
2399 4558
4339 3628
3423 1622
622 4586
4564 748
228 3575
2791 2732
22 400
1845 4264
1699 4781
2639 3842
1161 2912
1647 207
3745 3585
3790 2689
832 3529
2215 777
3009 1217
4381 382
3569 4514
852 3053
1153 3330
1431 1525
4705 317
900 2015
217 3861
1755 261
1764 223
1070 1812
2301 4092
1297 4157
305 2816
3125 3896
1953 3990
1485 49
3328 756
1506 3782
4385 3599
412 4703
2683 2985
249 4791
2207 2893
2603 2091
1537 1085
2320 1356
3411 1567
4926 3557
1065 4101
2542 3131
3887 1990
3820 2347
4547 4583
571 638
2074 4287
1443 3447
4311 1028
4079 1479
1132 1930
1450 3755
3040 4692
4467 2231
1293 2580
1288 1722
2263 3507
2448 4439
2352 1268
3795 975
1990 1980
1232 885
2077 1122
268 2714
2456 2640
787 2061
2501 4480
770 628
4026 3392
2589 4144
2114 3785
179 2010
1267 1838
296 616
3131 387
3906 2552
3064 923
2349 365
2092 3185
2252 4427
1405 451
3246 812
1372 203
516 4553
2755 1417
1181 4400
3638 2806
375 62
1239 787
1784 1572
340 3986
602 1407
945 1047
701 455
4190 3062
3655 106
111 4647
4437 902
84 2409
3431 864
1799 2501
895 514
2124 3072
2177 30
3378 3292
3789 1984
1126 3843
1518 1139
2411 2611
3786 2172
1668 4276
2676 2925
451 219
3263 3773
2801 3836
3805 3093
1226 2650
890 2803
2874 13
2622 847
4429 2604
1840 293
4064 2135
4004 3769
4772 3432
1105 732
4751 802
4993 1879
894 1319
1947 214
2707 1629
1531 1605
2370 2678
1261 901
193 4120
3474 4221
4135 3964
4898 4085
1183 2116
4979 4198
1535 2729
1564 2637
2406 4125
1031 3740
1796 2853
3080 4136
2813 1985
3824 4591
3866 2695
2560 3961
1112 368
2484 486
1332 1754
2218 2196
3753 4238
717 167
3389 3293
3496 435
2443 3589
3428 1400
3182 3225
3334 3103
1686 942
666 1143
3216 4620
2176 2113
3521 774
3270 1785
3926 1731
3803 2383
4715 82
1914 2750
2437 720
4456 461
4351 3989
2727 4189
3787 2635
3886 1503
1670 2500
2466 4562
4904 4483
3959 2465
386 4359
3793 3059
3804 1379
2856 737
607 321
1908 4567
4736 12
298 70
876 1345
92 735
4361 2621
2951 4351
297 2605
4180 4088
3794 1362
1706 2319
4975 4663
3023 2908
3335 4203
1778 1153
3052 3371
2342 1166
2665 711
278 2240
4723 4441
2746 2981
2766 3389
409 1452
3506 4398
2005 856
2601 641
3230 2930
2778 946
475 3473
4264 1409
4214 2784
794 702
1880 3207
3904 4621
1493 1606
1890 4135
4209 2318
3415 819
2302 4547
3654 768
1884 2073
2304 912
457 3743
4208 1275
747 2905
36 3965
4167 1703
3404 3366
1434 2143
4872 1188
2108 512
725 717
1164 3615
975 3355
1875 1467
3081 4126
2530 4581
679 815
557 1423
3142 3985
3022 3870
3065 3835
658 2392
2896 1250
4444 5
2736 852
3836 4050
3007 152
3116 3908
2702 914
4608 3426
3463 4234
1808 3969
4676 1455
4253 2856
401 4114
3975 892
1588 550
4461 1719
2800 1051
4181 3639
2047 3766
645 4486
4447 1579
2489 3398
1812 4718
1732 1396
1916 4872
3257 3546
642 772
596 3287
4694 3385
2165 1231
3350 18
2445 1551
2884 697
1631 4243
3514 988
3031 4585
3123 1403
3761 2382
4473 899
1658 2766
4711 385
1508 1836
800 655
715 2088
3993 3179
3124 4162
4497 498
1965 1939
3574 3759
1536 2578
4478 4298
1290 1601
978 318
3544 2760
2271 1401
2416 4430
51 1333
4871 1255
4134 4711
989 2487
2180 3291
3588 1301
692 1111
3227 1157
4282 553
1910 79
2048 578
445 473
2771 4163
3700 2482
1642 33
2351 2968
696 3904
1716 2618
1242 172
2600 3220
2701 4982
985 1056
3989 1355
1612 478
4402 3328
4978 2353
1139 2792
3241 4436
815 3196
4864 2634
3475 3037
292 4705
648 4392
972 938
303 3698
3383 3499
4961 2276
2814 358
1401 1477
1552 3472
3584 3924
83 1929
1185 1843
199 1062
687 3226
809 1253
4130 3250
4725 1286
769 4142
4345 4232
3992 836
1491 3407
125 879
508 3239
4821 1236
4519 3322
4619 2457
1704 1866
2128 4250
2044 1487
4889 4819
527 4362
992 3321
2365 3429
203 2554
437 3060
2796 1728
369 2273
1592 4976
3015 2136
1741 935
1194 4141
2793 2211
2882 2478
3964 2069
1568 3045
2265 1674
2967 357
291 2098
536 3490
974 1737
1166 1821
1152 60
1722 115
574 979
2327 3252
3359 1335
859 423
1543 562
2334 3271
4230 370
1036 540
1249 4906
1944 2275
357 1711
3735 4630
1984 3393
2779 2248
4919 704
1688 1789
2285 3391
4771 168
2031 4475
4256 617
3668 265
2512 1191
2575 2351
498 4927
1842 4
1240 2514
1382 4568
4387 4381
646 1066
1020 4446
1360 1204
4533 4776
525 1680
1512 4159
539 2184
760 1914
3429 1311
2391 2403
4460 1858
3889 201
3800 4772
4048 4645
1951 196
501 3636
3167 916
1839 3966
394 1531
1155 3637
3205 107
1554 4694
2948 3363
606 692
4843 4279
2539 2100
2103 2488
1710 4191
1807 701
2706 4078
4674 820
4035 4893
1874 2139
2146 2653
2500 450
2742 1170
2579 760
4651 1951
1033 3922
4297 383
4354 1223
1006 4442
3650 2291
210 4342
266 3260
3126 3582
1084 3437
563 3895
2964 4300
19 4825
4014 2827
3917 4552
4222 1209
3183 1383
724 588
2533 86
4688 3121
2511 181
4878 3048
3798 4595
1743 2358
3625 3540
2754 4031
3940 2228
818 3783
4144 3453
2028 1481
1735 2772
965 2608
2236 779
639 3100
710 1035
4794 4284
2696 729
3138 866
970 2742
625 2956
4081 4779
3361 3515
2955 4587
3295 1489
3522 1256
1212 2547
1094 4020
1633 3474
40 467
2381 965
3952 4147
683 2874
1918 3400
2992 1532
4337 4956
1143 3610
4218 4543
109 4256
2908 2709
2283 1364
3468 457
458 1977
4940 2042
274 1374
263 2453
3046 2440
2810 3008
3341 684
542 3929
2862 4792
860 4466
3701 4152
1195 3654
99 3903
288 986
788 1871
2491 2513
1925 177
484 3711
4971 1318
2830 308
2853 4642
3922 2458
362 4739
1361 2210
392 1470
87 3022
4229 2434
3303 1395
1634 2934
534 3631
823 4584
743 3516
1514 830
3029 4925
17 3884
4137 419
1601 3377
2355 2114
3410 4901
2159 3948
1309 1764
2009 2385
3585 994
4058 2512
1379 4317
653 778
2093 3439
3647 3241
2430 2081
1733 3909
4328 2898
3113 4389
4509 4267
1047 4047
2648 2183
1406 4616
1083 966
3189 3286
3083 2647
2336 2892
4775 3395
4430 4886
4129 4505
3004 1967
2612 3
2582 1306
744 2236
3403 4994
4443 4768
4681 1254
903 4338
227 3567
4482 4594
2934 3332
1462 4090
2388 4266
1748 2099
321 1368
4791 4054
2912 54
4881 1678
887 4914
2297 2133
1184 2050
472 4930
330 240
1362 4471
3945 1450
27 4511
4036 519
4917 3119
2109 1744
1762 4426
742 1921
4176 2067
3510 3270
2105 2989
2832 3228
3523 4417
3927 182
1218 2641
1969 3943
2139 4068
176 4619
1609 2460
215 3489
4823 4224
3336 1917
798 3525
3369 3829
2260 4469
950 1585
4185 1957
1156 2842
751 1588
2409 669
1579 4760
1734 745
4501 690
562 3061
4383 784
3604 4488
4832 696
4845 3979
1573 291
435 171
1011 1285
1498 3837
3718 3077
4540 2472
276 2625
1299 2702
502 1491
2235 4296
3813 3180
3799 3819
1886 1666
1638 2087
3291 1573
588 3337
490 2679
332 1269
1696 2584
3115 4728
678 1654
958 635
3732 2249
2061 2029
2680 2470
3764 2414
301 4983
1144 476
2190 4153
2241 1556
3391 4904
436 3566
47 386
819 91
938 4984
3928 1956
1795 4022
1942 4895
3982 4062
3536 1258
2563 4548
4773 3254
4330 2701
2583 725
4197 4271
96 1365
4789 4273
2817 4737
554 3947
4656 4969
2328 3862
4912 2884
1298 3230
3476 2562
1519 2271
3622 2535
414 1945
325 1094
2150 738
3003 1098
906 280
1681 2558
485 2854
2914 1260
626 4564
4249 792
1888 1207
897 294
2021 422
4662 3830
1919 1805
616 2387
4916 3075
3630 4815
551 1747
2486 38
4399 2915
2620 1840
1197 4507
1312 4113
3960 126
3489 2476
3255 3028
255 1296
331 2822
691 709
3217 2880
1457 2363
33 3158
3661 962
4852 1761
3176 3219
4257 4061
716 3770
2523 2946
1002 872
4854 3143
3487 1539
2930 4428
4344 1649
1659 1341
4458 3864
4186 3202
4846 3466
2054 4798
3573 3871
2939 1019
2249 290
1602 2978
4446 4339
979 1801
2823 4569
65 2764
1340 3670
3321 1313
3725 1283
4717 1063
862 862
2909 817
2658 2142
4360 2193
4645 3983
4119 656
925 1889
4454 1765
313 2691
541 1909
3202 1937
1388 2894
37 173
774 3603
3812 3106
492 1904
4703 4649
497 4260
2254 838
1646 2899
4220 3352
2149 3813
3693 3745
3274 2690
1419 1521
2549 2200
1714 202
4479 1739
4334 4973
1196 3976
3051 4520
4611 4132
1822 3883
2046 2448
2471 4057
1214 3484
4994 2786
3766 41
187 2407
4239 420
960 497
1873 255
1995 2646
755 4565
3752 3231
1758 4990
2345 2389
3030 297
4376 1612
2559 3695
1685 4210
3136 2233
4835 2643
10 3665
376 4905
3010 3108
79 4610
2396 4959
2280 2725
183 2867
2175 4752
1521 2921
4647 3411
57 1203
4680 2829
2849 323
44 3200
231 4701
4695 3047
4428 4723
3078 2977
3801 4978
3337 4848
3743 2222
2535 346
1142 3452
1125 4222
1441 2056
1264 937
4033 2301
3229 4643
4515 782
3448 3464
535 4806
4388 4937
3105 234
4936 1918
3864 4206
4115 3699
4787 4859
1635 4032
2423 3998
421 1740
1511 235
3407 4580
310 807
786 4862
628 1876
3212 1020
2377 716
4299 4627
4073 780
3870 1716
3495 1073
506 31
1589 961
289 2019
500 3273
1563 116
3453 2794
3681 3197
748 3289
752 3751
2022 3673
272 2023
1102 226
1165 1993
135 3890
3244 1294
4899 2596
1159 3157
808 4146
3137 4462
4268 3790
2412 3587
2060 679
3072 3721
1973 2979
2745 2591
3551 4048
2784 2858
4434 1691
3898 3388
1182 2144
72 2274
2446 4709
1213 3528
4576 808
2034 4652
329 3283
913 996
3367 2782
1141 3530
209 4215
59 4117
4188 2373
1248 2524
1800 809
477 948
1228 3662
4621 1793
4087 2469
4655 155
39 3353
1176 1597
2521 2826
3974 3054
2598 786
995 3150
2768 2241
669 4240
1629 2861
783 933
3409 858
789 1241
223 3736
2698 3850
3838 4834
1306 1465
4172 1096
3716 2127
1475 3993
4796 3902
3282 2147
3527 1159
1510 3809
1834 2254
3362 4582
2692 149
2910 1133
1474 4680
2972 3451
3214 4813
712 2773
4370 2787
1987 800
2431 446
2668 627
722 3807
3772 2790
2213 898
4196 1208
1650 2119
4906 3125
344 523
2691 3274
4746 4764
3659 4677
4893 4733
4006 4748
1096 334
4269 4576
3488 2749
1946 3381
4707 46
2138 4503
3232 4877
4304 2266
2938 4080
4228 3645
2937 1973
1256 621
2262 1233
1425 1387
238 1150
3709 927
517 4908
1968 3912
2432 3246
2881 1697
1478 2150
813 1924
2319 1156
4017 4625
3788 2669
1037 3717
4860 4726
1823 299
2032 4251
1301 761
1061 3327
2354 3509
188 2648
478 51
2887 81
2842 4857
1390 3757
1979 3139
3500 4288
2383 1227
2168 224
1624 757
4157 301
4161 4424
4752 3517
1044 4967
1124 1854
355 3247
4314 4345
3018 4940
4569 3888
2624 1683
3433 2571
1576 1657
2942 3199
2611 2012
803 1995
1082 4855
4421 1988
1300 4894
765 1295
163 1707
1472 2094
4312 361
1558 3206
1661 749
4861 4081
4528 2066
4543 428
3517 1199
3382 903
4888 1441
4946 1067
1889 4006
2279 3536
4408 834
2405 3878
1022 2432
2985 2425
2880 3595
1075 445
2543 2336
3380 1432
2494 100
2997 3422
177 3364
4163 1288
3186 2441
847 2421
1578 175
1436 1736
4100 4826
3447 4900
334 4651
2919 1506
2592 1146
1122 932
4353 2082
146 425
2735 2305
4099 4175
3039 1302
120 1515
3471 3127
1779 3315
4877 2292
2780 2923
3891 345
1121 1300
686 2112
1103 2543
3245 3344
4804 4501
400 2651
4240 754
2505 3938
4513 1568
3450 4382
1305 4412
2792 3632
3730 3508
1147 2125
4814 2813
3559 4655
4582 53
3284 3189
2534 563
1571 1245
2129 3098
4216 1325
25 2170
830 4957
1664 3281
872 4854
480 1636
2769 4172
419 316
3258 2811
3297 3110
3873 1093
844 906
772 132
2269 776
3728 3877
3208 3730
2740 2502
4721 2911
4931 3390
2013 1616
4286 4479
4636 1826
3608 1393
4210 1069
1255 956
3528 20
2690 353
4050 3822
489 1587
1527 3102
2953 3787
1358 1847
4495 1089
4082 48
4885 3880
194 3913
2626 2068
2234 3066
2330 4632
1073 1411
1072 3957
1377 4282
3306 1230
1548 1962
4882 2664
4077 1447
2485 3518
2608 3780
944 11
2643 3746
2734 1180
2637 1291
3222 3113
3518 2984
2170 686
2629 2530
1580 4954
3589 1064
4047 3141
3999 3394
1645 4842
221 1077
749 3186
446 2315
1899 2768
2015 4783
3609 372
4556 561
4609 4883
1786 4322
928 537
896 1265
4404 4793
4737 2542
4565 1117
182 4431
50 1027
661 1277
3242 2662
4712 2154
2495 1850
3664 4778
94 448
4060 4005
2474 3937
4231 3431
3402 543
3621 286
1929 521
598 1665
4023 2835
180 4418
4847 1011
2666 630
4170 2494
4173 3741
4319 832
198 1565
2136 4555
4731 4388
4913 4415
2855 1792
2107 4247
3951 2613
2808 4867
2413 3855
2653 1655
4367 3269
3553 3323
3916 2576
2266 989
2205 1883
1695 113
4750 3101
863 589
3568 3572
1773 1923
578 2736
3516 232
4307 806
4202 441
4950 3443
816 3259
4030 4822
3490 1954
4024 1893
3477 2746
2277 4370
1225 510
3689 4277
2219 936
1692 456
4372 3532
4728 2317
3741 3097
1236 4786
4021 4658
4316 2815
1494 3067
1467 3629
3272 3617
391 1784
2202 4589
659 4150
875 1118
427 284
4110 525
2289 3808
1936 2074
4739 4882
4747 189
1433 1454
921 1746
670 4395
4620 944
1528 2420
2187 3374
4779 2902
619 4422
4550 2463
1243 1212
3275 718
353 4460
2647 3445
973 1529
3156 2468
4272 3846
971 285
1315 272
4242 1869
3994 2599
3197 3541
2101 1363
947 3586
1599 2990
3063 1422
363 14
3512 763
779 1714
2957 4499
2457 391
617 3576
3985 3659
1955 922
660 1815
1900 2812
1859 1072
3236 3601
41 4899
4496 3081
2933 1820
2072 4788
3247 1202
2082 3024
2257 3649
3452 4964
4849 3109
828 2739
4561 371
4895 529
2309 4622
1630 2920
3823 2235
3784 507
4598 3174
1118 3309
2186 1630
4375 3245
4436 2876
4401 1184
411 2330
673 118
3734 161
2615 2940
4555 672
3114 475
3327 3265
4241 3462
4508 861
4781 4178
308 3591
4382 1552
3840 3183
2730 4205
2222 2871
1451 2176
3780 953
1708 2339
3456 4539
2577 4523
4221 3297
1827 1358
3281 3017
3226 3712
2999 3635
2113 3748
4974 4365
1652 4148
1050 919
2517 4519
609 2507
576 392
1917 2005
181 4259
2671 2743
1411 2967
4955 2155
168 4115
1533 2585
2147 661
2838 2606
1934 1474
4069 29
4346 2083
4275 3191
4040 2590
1871 101
1998 4674
3879 431
934 3852
3211 3814
2609 2048
4363 1071
239 1408
4595 524
2418 1092
3412 2084
709 3084
1178 3331
2194 351
1058 1103
1090 3565
2197 3901
1455 2380
4405 869
547 2626
1980 3419
2628 3600
3498 1248
4942 4671
4044 3596
3377 2031
3768 880
3586 348
2282 1661
3531 721
26 2281
3293 2896
1770 222
2868 1141
486 2295
1981 2071
667 2516
234 2777
2689 4821
1852 470
4862 2997
2010 1502
777 1045
1081 930
2220 2037
4887 72
1937 1810
4855 3675
1123 1905
3158 3797
615 1846
3759 3486
3330 2213
440 1656
2634 4065
3134 87
1221 4023
388 2223
1313 4912
1801 1504
3238 269
4966 4237
2464 122
317 1200
2963 440
4920 2422
2546 775
3092 3939
2455 1167
2253 2844
2688 3467
4735 971
2646 187
2960 2284
4571 1647
429 3243
422 197
4187 3853
4120 2404
4164 4542
3763 3545
4294 4364
112 1648
2312 1106
1891 2051
271 2181
1453 3424
3133 307
570 4186
2020 104
200 2642
3854 3209
3676 3074
4414 1592
4998 3040
2635 4614
4988 1926
3045 208
237 3775
1276 1829
575 2243
4431 2016
260 490
1828 2461
2433 1689
175 2988
3555 2057
893 1336
956 2615
4127 1920
3828 1057
2317 1464
2117 4803
3260 1997
4140 1480
1876 3175
1684 1950
4638 4336
3143 3987
3480 4294
359 3833
1941 381
1892 3042
4894 1086
3163 518
3754 3016
2866 1771
1200 3080
4825 4013
1728 1608
1902 298
3322 3356
2757 3038
463 2132
1676 2146
1251 4361
3902 4379
4900 4818
3002 3660
1445 415
3421 3420
4122 945
2593 1065
2981 3357
1988 1581
443 4721
2659 4429
3955 3788
3338 947
2661 1513
1335 2788
2004 3779
700 4762
4105 1603
2790 2825
4989 860
3095 206
1862 1282
360 1095
3541 2333
3271 4154
4808 397
4562 1882
1032 3900
3397 1512
4481 499
2625 3488
2980 584
3961 4540
3740 2623
4584 136
1707 4835
4093 1228
2515 3794
3533 2564
694 76
4714 2667
103 1619
3550 1152
3090 1349
2216 2797
4784 2293
1040 1940
825 2314
3213 3171
1923 4938
1694 374
2685 3683
1649 4485
3583 4794
1545 1128
3632 4943
1581 1482
2358 3169
4526 3440
4074 4190
1655 3436
3285 3992
2949 4010
3439 4623
2722 3898
2379 2485
4763 4420
4238 2256
3592 3324
2916 3236
4838 1495
3958 4320
3014 4745
2223 4353
1413 3951
2291 209
3331 1466
2118 4397
2804 1998
714 3548
4930 1777
4724 4129
1035 3368
853 3622
1409 2220
2900 875
2554 4012
3613 613
1607 4305
4999 3839
2058 4041
1277 4009
123 1048
4960 350
3806 3046
3413 4291
1750 951
3181 3266
4510 2890
1149 3815
4076 3918
3921 4644
1191 1388
4198 2334
3580 826
2571 4664
236 3485
155 338
309 1224
2750 2157
3829 2900
3386 3958
1529 4269
61 4550
3670 4907
222 3311
2504 1025
3858 2215
877 1105
555 3725
1199 1637
2758 4299
4103 3456
4362 4387
3075 3159
568 2202
1233 642
3210 3892
4573 4526
4914 221
1392 2993
259 631
3289 3118
4546 3956
1739 2610
4204 1343
1667 4527
1911 4371
3048 603
3388 4229
3492 4714
2364 4283
2066 4831
4451 3612
3577 1577
2969 2495
4581 1745
4624 3278
621 3177
3618 3215
3021 2080
1012 4636
1127 3729
2506 4775
1004 3718
2614 268
3399 4327
4016 4633
3941 4015
1586 3840
806 1942
4948 4808
1883 3784
999 1898
1227 3876
1380 2201
152 728
3602 1475
3122 2862
138 2064
4092 3160
4098 3204
3616 3873
4980 4675
4600 1165
2199 257
4008 1631
4935 4603
1938 2751
2097 1473
3055 726
4996 865
2858 3244
1464 2683
593 4613
3017 1911
1180 2958
4029 2285
4618 660
2541 2969
1843 2711
3978 310
4470 2879
2419 785
2820 1398
158 4850
4106 483
2956 2035
1860 4473
697 1947
4997 2616
3652 2800
2984 3646
2130 3065
814 2660
2940 3685
4841 276
540 1814
704 1695
4455 4419
998 1817
161 169
3778 2937
529 2693
1201 2636
4604 3020
824 2904
67 3686
3620 3942
3262 1613
60 1533
431 245
3733 2807
4675 3201
4896 2024
3983 3498
4669 1016
2393 2053
4223 1675
3074 1873
3503 4246
2192 3875
4425 3818
2142 675
559 2390
4653 3268
62 555
4706 4634
1342 3154
4891 2307
4206 2342
4323 1392
2468 954
2765 4401
3165 3399
4331 3213
688 3063
3819 278
1985 4235
78 4402
901 3844
879 4919
2854 3573
2947 3142
1190 4707
4753 1053
314 254
3012 123
170 4034
2872 4880
4317 3824
2439 2656
3352 376
1087 2859
4379 3542
23 4275
420 671
3458 3650
139 1469
4045 1802
4560 2148
4745 3578
4341 4004
4910 2663
211 3362
4965 2715
42 4601
4020 4971
4933 2521
3643 1498
4243 2429
654 1381
3634 4410
1481 413
4484 3501
246 3669
1318 1298
3149 629
2565 459
4788 2609
3243 4340
93 124
3944 237
49 3798
4419 1795
448 3350
1291 3869
2369 1590
1097 4019
113 983
2261 683
160 4660
2756 1596
3899 2209
595 3911
1414 3661
996 3034
4013 821
3848 484
1717 4089
916 4496
348 260
1399 4177
1284 1385
4927 2296
4329 2498
2562 2949
4083 401
526 773
4643 805
2366 1833
4865 3087
3760 2052
4625 4423
4027 45
3963 2043
4684 3345
459 835
675 2038
2695 2706
2548 816
4770 2525
546 3188
1701 713
821 575
3562 1160
3483 3290
690 3402
2088 2345
3454 3094
4991 1724
90 1088
4848 2778
150 263
3706 4304
3606 4490
3615 327
2876 3454
981 2418
2467 2936
734 3170
4148 1090
1198 2323
1150 2671
986 59
2602 2624
2886 1168
3406 4774
1657 4495
671 417
2650 833
2290 2206
4800 1201
515 1797
850 5000
3986 3058
1104 1102
4138 3298
3268 517
4516 4588
339 4358
4291 1046
3347 4554
399 2938
4150 594
4685 1497
3034 1360
833 4506
3935 2430
603 3217
3896 940
4985 4681
2091 1457
66 886
455 2384
2943 1762
1964 3457
1972 2716
3691 4404
4260 2490
4393 4363
3981 2161
1034 4049
1286 454
3722 2191
2292 3446
4749 2246
2496 2719
4767 3223
550 262
4812 4769
1617 3307
1389 2378
1768 2298
3209 2868
1924 3531
136 1442
104 2952
1756 4230
3043 3874
3430 509
4254 2789
282 3513
2225 3760
2859 1775
4441 2765
738 1225
854 2189
1326 399
4659 1007
2764 3981
2267 2903
1583 871
2783 644
1018 4754
3179 585
2229 1187
820 1177
3067 1919
4686 982
4151 4816
840 2402
4769 2234
3578 3999
4648 3198
636 341
4754 4253
1350 4516
3319 2544
4901 1461
2323 3458
2340 4211
4109 1897
1541 1542
1616 4357
843 1611
1137 4355
82 3826
1824 925
1747 2370
2777 1804
2164 4052
1700 447
1048 3336
581 4717
352 4578
2892 4127
4797 4072
4932 1357
735 3967
2700 1120
2850 4879
3882 170
811 3680
2016 1140
2407 1281
3599 3537
3660 1932
3374 604
1761 1429
4313 2529
2654 3574
4548 2398
2075 4188
1120 424
1999 4730
4956 2744
4538 4099
3635 3418
4273 3917
2723 1205
4452 2060
4285 4805
134 2464
665 3319
2462 3210
1432 330
4168 2104
1130 3117
4025 3608
2640 3604
1868 3978
3881 3539
2921 4007
2852 1316
1265 3679
1160 1576
2928 4138
558 4942
3669 4029
4987 1468
4572 532
3206 2972
1515 4888
871 3132
1949 4326
4774 4891
3425 2357
4416 3613
2057 723
3534 40
2681 2381
4284 180
311 2151
3779 482
888 4036
3153 3671
2428 2395
1932 4840
4043 4952
4925 2658
4062 2443
1815 1872
693 2705
3507 4725
4149 453
4807 1347
333 2793
976 1723
1505 108
4853 3130
2845 4666
4475 574
3712 2632
2714 3343
302 1523
3451 3012
1151 4343
2033 273
590 487
4640 978
2642 3619
403 915
2514 3734
80 2350
207 3255
4634 791
4594 1279
4672 1604
2503 2532
1403 1220
3539 2837
676 3925
1008 1787
3320 4874
3305 3277
4125 4868
601 140
3564 980
4182 710
4908 4478
2795 198
1371 1438
312 188
605 3358
3434 3428
1618 622
2038 4083
1501 3750
2400 3803
4487 647
4279 394
3857 972
4897 4759
4169 1640
4972 3656
3558 3700
1038 4599
2104 3894
1023 3771
2558 332
2303 1013
2975 4350
4692 2282
3354 4165
3593 4465
56 2995
4359 4106
402 3602
914 4693
1154 1274
4039 3461
1170 1627
4822 4394
4799 2090
2029 2724
1864 252
2206 2162
2232 4173
3444 1868
3997 4425
265 3276
1114 4736
3773 302
2743 3086
253 3406
1368 1729
4022 1014
4194 1527
3991 4747
4667 3316
100 3882
1017 4729
470 1451
2570 1625
3996 503
3888 4407
3605 270
2112 1598
2162 3482
4868 4802
2684 1684
4141 878
3435 2456
3675 3425
335 340
2786 658
918 3181
3726 4289
3637 4787
1423 4265
831 2001
1119 4878
837 3500
3973 4706
1133 4033
2333 3593
4270 4851
3807 1874
560 4530
3791 623
4349 1251
3549 2570
1922 225
4248 4734
1882 3410
4570 2779
119 1163
2927 3713
3058 1397
3561 2106
2973 4716
4782 141
4086 3930
148 3035
3579 4334
2453 1116
2812 2156
911 3036
1271 4510
2737 2473
930 3471
405 823
479 1472
4532 758
3203 4683
354 2962
3713 2761
4250 891
4923 2518
3751 1196
4613 3448
3141 1344
4380 97
793 2973
3567 2111
543 1978
2000 734
290 4124
518 1516
466 4963
1712 3674
2243 2204
4162 2217
3821 1594
4107 4534
4097 3555
1091 3944
3907 2982
232 4934
2703 3264
3797 3413
1844 2533
2012 1591
4011 4965
1158 1842
4290 1292
750 4470
878 1009
2580 4678
3842 1194
2126 889
4826 3521
154 3920
4869 2128
4982 1462
4552 3676
169 3438
2110 536
3877 2003
4061 2288
2716 1991
4748 1012
2633 3279
1698 4347
4687 4873
4660 2891
780 112
3462 3450
2569 4909
4066 4951
2970 691
4211 958
3682 1621
1731 3465
4962 670
3636 4151
3324 3535
279 4830
4453 4040
991 150
4777 4732
2567 359
3529 4544
1993 1902
795 3235
612 4612
3607 4270
4691 3492
4088 2881
1962 1145
293 3126
2361 4761
4420 2655
4657 3886
2030 2290
4236 3444
3781 1971
4305 2758
3077 2895
4308 3762
2185 4691
4117 3692
3082 4715
4815 3249
2037 3379
410 3682
2531 4989
4805 3004
1068 9
3267 1823
4265 1786
4981 2041
2595 2603
1943 3460
30 220
4462 3936
3815 2272
638 746
106 3560
4817 156
2248 1860
3309 4123
3099 4303
3364 549
4377 678
4577 1494
3168 4724
1893 1181
2502 2887
4949 4961
2987 2238
3868 3867
3426 3070
4828 4182
2726 4399
3466 2188
2897 693
4591 1321
2086 71
586 3136
201 2848
1977 1839
2341 3195
2965 639
3008 462
3897 4197
3946 1059
1402 3856
4009 3971
730 2834
4768 3559
3837 3832
3905 239
3288 3811
3026 576
114 160
3332 458
966 3333
3720 4626
556 3663
3360 3408
4384 2738
3843 2947
3692 2207
1776 4690
2174 4378
3414 1822
3174 4892
522 3881
452 1434
3782 4702
2384 4492
1479 3763
1766 1986
4406 3294
3913 884
3690 1006
3601 857
20 2575
3366 2541
3936 3304
4903 4962
3252 1437
3190 3325
1991 640
3296 2177
726 4512
3595 105
1444 1463
2803 4631
4944 3973
2891 3996
3591 3052
3939 867
1266 2033
4178 1899
3079 2477
1172 47
1627 3934
1835 3727
3910 3263
3739 2075
1994 1667
2576 4843
3547 4949
1870 2804
3612 4414
1857 4181
1677 1827
3068 3793
1177 2873
2444 1136
3144 546
2140 1308
2687 4696
4438 571
2977 4921
1108 3728
4492 4212
4175 977
105 4368
1029 601
3042 1752
3721 2014
1234 4059
426 1641
4466 1669
2357 3193
1831 4525
4386 3412
4666 3620
2861 3910
2068 2942
1146 4699
4200 526
3610 4571
2434 1776
3762 1352
4617 3234
2885 637
4665 4947
3697 3496
2719 1131
3265 1002
212 4308
2183 1416
3013 4549
3349 2924
4442 4657
3304 4551
3777 4079
4764 4966
4224 4452
3005 4110
1837 2070
205 4575
3596 282
3920 4324
3651 190
2574 3397
4477 4301
3750 3799
2712 328
4649 2872
4813 2602
4352 4829
3856 1837
1872 837
3221 1493
2131 3923
2095 1267
4567 3708
1679 4720
1523 2045
4424 2756
1397 3905
2519 1433
1336 3421
3758 909
407 3416
1019 410
3796 799
4320 505
4232 993
2864 1210
4071 3891
4309 652
1465 4098
1135 908
957 4111
1374 4780
2509 2849
3641 3825
3747 1459
1821 3347
1421 582
4566 3571
4244 1270
2372 1755
3704 1520
3307 3152
4078 4615
2978 2654
3061 3594
1593 2343
1702 176
1344 2444
4001 4309
1045 4167
413 2910
4335 2572
3543 1943
4213 4890
4802 2137
3626 64
4909 811
2422 2601
1829 4280
2427 2497
3696 1389
2799 1537
1327 1959
3871 1634
1138 148
3852 3626
2905 1010
3995 2549
2481 2850
2782 349
1278 4025
3965 4108
4661 4476
245 2219
3629 3737
4315 151
4874 4042
4837 388
1247 2556
3909 52
3816 4987
4790 1741
2259 3258
3102 3624
2761 4766
623 2536
4263 3732
4300 281
1001 2703
1729 2665
1913 4348
1555 4836
4139 4168
3175 4169
4439 4659
4778 3907
4627 2845
4632 339
1477 4922
2006 4640
919 360
3177 3178
3849 3707
3353 3232
3180 3696
1407 1560
2182 4069
3657 3147
2811 3724
4192 3564
2828 3002
2993 2230
3658 3857
3170 4897
1666 3687
4028 3579
