6000 50
5000
3544 3143
4627 3623
665 3690
3622 4172
1445 3287
4562 4968
3200 1434
2313 1806
1921 1157
399 2616
4994 1370
4928 2023
2177 772
4572 3813
5759 1160
5837 3227
1905 206
4298 1450
2133 3320
645 1469
3491 3972
1036 5180
5621 2331
4784 4602
1641 4232
1887 4944
1210 3777
4533 2499
5893 1111
5982 4127
3574 4893
5717 5041
4511 5675
4289 4588
4319 4585
1318 468
3703 2576
3573 2325
4555 1818
4308 3980
4971 5189
1554 2489
3320 1540
2003 4412
2363 709
5225 1274
5535 1777
5992 3772
1355 1991
4141 5698
4490 4158
4489 3630
1785 5490
356 3290
2035 2599
1810 2083
5599 997
4477 3417
4447 676
4457 191
5243 2822
3540 1850
1739 5524
5092 378
5614 1210
2163 3217
5737 313
1682 4472
4684 3695
1359 1923
3190 2652
288 898
1429 5364
927 3698
5218 1560
5872 3124
3138 1973
4746 1286
5124 1656
2353 2942
217 3838
3987 2090
1715 2512
1836 3456
5762 4233
2414 3985
1038 1970
3124 2355
2750 5775
1018 2623
1997 3717
3201 3031
5994 2223
3374 2419
1431 2139
2014 4221
660 3858
2739 5281
5541 749
4351 1149
1645 4639
2547 5188
647 2531
3463 2923
207 5346
384 5033
5830 4126
1897 1696
4320 2279
2791 2891
3993 5477
4349 947
3752 4969
519 726
828 5328
1557 113
1711 1118
2190 538
1408 4748
2802 2696
3865 5565
5823 626
5209 3399
919 3625
680 5826
1143 359
5978 4105
63 3437
1844 742
4566 2578
5616 5096
831 326
2735 2094
1289 3841
1400 2007
1185 5991
1541 402
2285 3036
2186 2126
3151 3873
4959 3336
5221 3248
3919 1025
2910 5843
1546 5275
1212 2840
2531 687
4440 2143
120 49
5147 550
763 137
2911 3743
1526 5151
749 2473
5385 3632
3823 38
4845 397
2401 2657
4573 1150
1027 1498
4972 4119
3535 958
398 3936
5467 2548
2806 4974
4367 4607
1241 1808
2988 2085
2504 2701
2774 734
4793 3275
2777 5574
910 2317
2658 885
2457 201
2145 4441
807 5652
2953 29
262 594
3368 5957
982 345
1773 3635
1271 1270
3850 2878
2586 3376
1506 166
433 1008
1149 880
2768 4358
2691 4787
4694 3935
3847 1443
4471 5057
1586 2116
2431 2644
2560 1647
1348 2633
958 1556
5754 2555
4681 5058
4088 552
5146 3990
4373 1982
3407 4368
4780 5438
2123 3367
3671 3718
1993 2906
2051 3335
2046 128
527 4915
685 5234
5463 5185
1818 913
5406 2766
3207 3758
2138 2680
1737 4123
2886 2445
845 2363
5564 2773
1398 1612
3098 3895
1221 2931
1378 919
3137 1632
754 802
5775 5936
4875 2694
3379 4871
2261 2742
2483 3811
2536 1905
1979 5927
1168 1333
1096 1004
5706 3472
2132 3163
5670 2305
1940 1089
4874 4957
2324 4437
818 4679
5175 1393
5563 5008
2389 896
923 5257
1436 5030
4172 5445
4130 4292
89 2801
4091 507
994 4624
2887 4918
2642 782
3814 4042
175 3007
3082 697
2246 878
3899 2113
3030 240
1969 5386
2564 39
2450 622
3382 1966
3934 1487
2956 3370
3761 223
3170 5646
1860 3209
1201 3158
5098 4936
768 1877
3978 549
2311 4411
4865 2020
4621 2412
2477 2793
5798 481
2303 1582
2211 5751
3356 2542
5651 1514
2469 786
3792 5666
105 1976
5615 4533
2230 620
2942 1406
14 2820
419 1249
3751 5145
1974 854
3623 2785
1949 2781
5484 4483
566 3824
5680 2444
4530 1708
4171 4513
2151 2648
4539 1035
892 5195
2182 675
5703 983
3332 5410
3933 2908
21 3058
4786 1203
5389 5011
1174 392
1454 3304
2059 591
2486 2102
4068 912
4202 5092
5289 77
1559 3923
1934 2724
1362 102
3632 4609
3556 3295
2922 3225
1300 1870
4838 4133
5473 5387
1768 1195
3907 1414
1631 4312
5984 1428
2130 5203
2680 239
1087 3214
993 3864
4395 3342
4818 1441
3321 3317
5577 3595
3404 5220
2719 3291
1813 1809
426 3756
2688 5624
1084 941
4813 787
4488 2275
5199 5278
2226 2459
321 3725
761 2361
1347 5083
340 1458
2248 887
1286 3402
5713 5391
74 4367
879 282
4421 4360
4752 4317
5560 4208
2421 2614
2930 4676
146 1853
1751 2855
5718 5388
309 3195
866 290
5329 493
2412 3388
1154 393
4128 305
2168 2349
955 1680
1358 2194
1457 380
4197 4064
2687 5791
1233 5520
252 5152
1633 3067
702 3764
4502 715
420 5427
4709 2767
1369 3250
3125 2915
5277 1283
3454 5773
411 599
1142 2301
1119 4923
4922 3293
5354 3911
2083 4120
5935 1174
6000 41
1787 2687
3569 3395
1434 3028
667 1401
263 4751
1258 22
1082 5142
1245 4807
2365 3659
243 4601
2020 1796
1781 2834
4692 4298
5509 4891
5626 2398
1534 5536
5048 5732
5755 2924
4637 1177
4080 2729
4404 1237
3840 5852
4881 4450
2686 830
567 2292
2111 3586
1071 4729
343 3794
5527 1085
5456 3467
3244 4498
708 2889
2343 2065
2520 868
1048 3273
591 5115
2225 5818
1620 278
3203 1500
2016 3191
1307 5535
5989 2497
2358 999
1861 5262
801 5104
4791 5032
4248 3097
2266 1589
1549 341
5769 5764
4441 5383
1327 3511
1683 292
5619 656
4873 473
2452 2850
2603 3556
212 1851
1599 2514
5996 3462
3902 4355
1114 1518
3005 3863
5883 1776
4891 1320
3689 4245
1226 5264
700 1659
3525 2180
2251 4316
2169 3514
4653 3361
2985 2632
1834 3786
2606 5255
2987 4793
5241 932
2010 1793
4024 1597
3757 2865
4641 2795
2823 566
883 3744
2993 1000
1729 1258
2054 5905
2538 949
3476 4732
3417 1410
3168 4141
3603 2422
3154 5938
5171 5813
3784 5703
5553 4451
2857 4314
3639 4707
1088 4284
265 950
253 1058
4009 658
1792 1146
3037 3948
3003 4282
5904 2211
5672 2879
449 4769
4532 5095
112 1634
678 1335
1231 2123
3334 812
718 5183
5886 1396
3010 1562
1760 2998
1207 3579
3339 1934
2116 350
2553 5719
158 5605
1636 2969
3606 2645
3950 1254
1657 3798
2498 1140
2567 722
293 155
2408 1505
3485 2127
3414 100
3008 1787
2339 3088
3015 769
1734 5789
2706 2175
1731 3352
1543 3640
4487 3238
4993 4494
5620 5242
1689 5196
5794 1594
572 5153
4355 3045
133 4928
1311 5829
4123 1251
3248 4897
3733 4209
137 4420
3111 2256
125 2993
3330 5507
5045 1339
3609 5289
3920 1691
3972 485
2717 218
744 3346
466 2280
2210 4568
436 4686
2890 365
775 2669
3536 3809
2962 3018
1063 1398
4601 1259
3763 908
1894 705
4644 5093
3799 1795
2153 537
5480 4337
5208 1072
1263 1744
2505 3157
5727 5290
5645 2975
4702 3984
2907 48
3109 4521
890 3808
4887 1978
3421 1475
3715 704
361 492
3345 3339
2126 5867
4889 4518
901 78
3642 108
1666 376
5359 79
601 2307
2364 1225
2557 3366
3007 502
3159 4364
2167 3452
3357 439
1244 4436
1893 5166
1907 5486
1639 740
3713 2259
819 3171
4509 2647
2445 5777
3892 596
3501 2954
3435 5357
4161 2009
5270 3928
992 3536
4690 4421
5792 4674
2540 2253
3505 4749
1841 1369
5864 3679
3551 524
598 4500
1083 529
1617 960
4792 88
2245 886
166 3178
184 5461
2371 34
1551 368
692 2169
4472 4632
4090 761
2762 518
1654 3537
2638 5532
259 1960
4027 3737
605 4213
5871 1066
2736 194
1136 98
518 311
3557 2584
3092 5193
2128 1618
3841 1437
3714 5272
4706 4341
1197 3108
3673 1555
2011 3103
4956 16
561 1391
539 4681
2904 1252
440 4926
624 1468
2769 3119
5575 2982
1691 5697
2441 2446
556 3867
3134 228
5273 5509
770 816
3220 4572
4119 5846
1384 988
4604 2344
522 3561
4529 2477
2582 3966
1126 4190
3161 4057
1721 4765
2514 4520
793 5487
3965 2600
1160 1327
5900 1298
626 2399
1261 5724
123 2494
1777 2761
5203 5412
2205 403
2077 2004
2050 4795
3378 1738
5512 4210
4964 4226
3433 1269
2315 2309
413 122
2868 5010
4344 3870
3473 4694
70 2918
5836 1355
4523 3504
1851 243
3324 2452
2466 2208
3012 2561
3869 1935
1572 1631
1195 1364
1247 981
750 4833
5472 2242
5193 1815
4626 1392
5863 4763
261 818
4183 4020
1707 1563
380 3842
4189 5447
3503 4331
5178 4361
1523 1757
2417 5474
5180 5882
3399 877
735 2725
3039 2424
1475 3660
4731 5162
3222 2810
5964 915
2648 3177
5325 2393
2903 4978
2042 172
1565 107
2354 4106
5608 1571
139 90
1040 2737
516 4482
4047 911
2831 4719
1527 602
5879 4259
3861 5291
1285 3962
2508 3283
4563 3981
4819 5710
521 451
5676 1825
3584 3299
2432 5671
788 449
4717 3378
4193 176
3474 780
2162 597
5132 5684
5786 4300
122 1606
2861 4566
2492 5648
3542 3728
170 1723
5858 4586
4754 2690
2588 4659
2558 4634
3192 5004
2075 3476
2977 2149
2140 2235
1855 4475
1948 2019
4408 274
2028 3975
4115 804
900 1662
2449 627
2139 2938
2604 65
3036 1840
3028 4010
4048 3310
5346 2112
2120 2973
2036 2825
5682 4699
5220 192
2973 5457
5781 4939
2664 1368
3355 661
4322 5047
908 2852
944 1510
2585 4069
2310 3846
5940 4598
969 5265
4271 3934
1788 2745
1593 5016
1299 2468
3090 5851
3653 1314
3626 5978
2828 390
4547 668
60 4038
4359 994
4700 258
4420 2937
5381 2225
5428 2100
5337 595
1888 4322
2400 5182
3305 1958
4223 5403
412 27
899 1295
4185 5464
5546 3407
3918 5060
5169 3543
1618 3875
2932 2032
79 3771
3693 4247
4257 3877
538 4728
1246 2216
2260 5602
3600 5444
4855 5647
4092 5048
1563 3918
5733 1343
2854 1266
1767 2104
4619 103
4120 1262
5343 5874
157 1598
4832 1703
322 1153
3486 321
3781 4822
2461 4650
1016 4280
3617 4015
1519 1880
5820 1104
1420 195
2326 4835
2549 4922
4596 2313
1619 5692
2415 4927
4900 2036
5192 5483
1970 926
4432 3147
699 4613
1913 4531
4313 1310
2752 5962
1324 1325
1922 1417
378 3162
1085 4733
4812 1233
2500 2496
4413 5583
434 2430
405 5453
3676 2109
3406 399
5137 2461
2754 1650
551 2902
2689 2870
4849 2594
4493 5543
3257 5038
984 2184
443 4028
5580 1752
2778 4495
1521 4152
3093 2706
5058 546
4973 3439
4165 2079
2100 1669
3472 5712
468 2585
1024 735
3863 270
4945 5901
695 4100
3444 1896
3531 366
109 2314
2117 1791
37 1462
2272 4774
1393 5715
615 2343
5425 3575
3686 4092
1437 850
390 1039
4639 5750
230 4459
2625 4463
3169 1386
3182 2698
1125 3957
5743 2179
3806 2525
1638 3035
5036 4171
457 3264
5528 281
4940 5493
859 857
2616 628
4625 3968
1977 1191
1462 1036
5587 3187
2847 1933
3289 2886
2242 5911
5035 3211
1391 73
2491 5199
1057 2000
2594 1346
4208 2054
2355 5212
1991 1230
34 3277
2958 754
907 3482
9 2154
3230 5555
98 134
3628 2851
1086 2718
2390 5163
1588 2681
444 3901
373 1544
1740 1682
4499 4606
1111 5197
1923 2602
5304 1187
2114 2060
1113 3461
1954 154
204 4272
2481 446
311 3060
3655 562
4548 1759
5496 1420
1255 630
3681 1023
4550 2018
1874 1124
5911 1312
4203 4862
5285 838
4437 1453
1502 158
4740 991
1344 4945
437 5629
1100 1902
3091 1205
3981 4488
686 5527
5990 1724
930 2697
4679 1781
1996 3893
870 3881
428 5637
4559 4666
1525 3073
5746 4155
2348 3952
56 5031
5640 1375
1264 5788
5538 1705
4362 1154
836 183
851 3661
4678 2621
4366 2212
3970 745
2783 5323
5929 2564
2382 5922
1044 4345
2888 1474
5315 3471
1310 3233
3859 3515
5731 3008
1656 4103
2764 2880
3593 3782
5379 2244
3684 1731
4883 1473
2690 4852
840 4955
2628 294
4632 1394
963 5114
141 2955
5667 3246
2674 5990
2840 5977
5318 673
3836 2613
1670 2945
1886 68
4834 4535
1632 3278
4846 969
5362 1783
1750 1884
2503 3245
4234 4382
3183 3391
2129 3694
3178 5546
4228 748
5544 762
5922 127
1556 2321
3470 490
974 929
1582 774
643 3074
3523 5336
5258 1110
429 4546
1140 995
1287 3634
1952 1264
4385 3618
5280 5419
4414 1873
2984 3969
1442 3848
3363 2320
4278 367
3023 5897
2439 2792
5367 4561
891 608
1951 1947
887 5305
1235 1917
292 2207
2980 792
3543 3170
2660 3251
721 295
187 5972
3277 3174
4584 1284
1505 5881
1644 841
1882 1010
5966 636
4934 4356
214 1056
1597 3557
1152 2086
582 2453
753 5737
4869 2517
2652 3069
2611 132
3658 5043
46 2544
4699 906
489 1747
2650 2579
2693 2595
5410 4646
5885 2298
134 663
5653 2076
2112 5139
3311 3884
5074 2547
4595 3815
1943 1238
1079 231
2709 5641
3807 3705
525 3382
4907 3878
806 1718
5661 1706
826 4033
4890 4997
450 1903
4658 5761
247 3847
2141 2039
4667 5296
1206 1061
1892 2539
2713 3653
298 900
3237 3477
2079 4455
469 2476
4446 4366
1766 5384
4149 1275
348 3015
4492 869
5300 1769
4470 2133
4631 4118
1092 1256
3214 4900
3095 2986
3795 1308
24 5576
4046 4796
2091 3943
3914 5828
2087 4840
1540 3693
5409 3094
5374 2003
4140 1956
4787 2535
496 569
4654 432
3460 4278
5558 2230
3828 1986
3995 3419
1076 470
1468 4349
935 3199
5574 5285
237 773
954 5742
2058 3683
1138 1734
3630 4931
2307 4099
2490 220
2873 3828
3534 4160
2609 3637
5768 5581
2127 3151
1697 5814
5972 1655
5649 2101
3139 644
3326 4079
4552 2134
3854 414
3634 1362
5890 5342
2194 3138
5673 4608
5165 426
2336 5969
2249 1043
3055 3400
2972 24
3897 5225
2869 3700
5299 700
2856 698
4350 1742
2204 1635
5683 1891
4669 4059
1104 1084
4688 1866
3971 4384
1826 5187
3968 491
4052 2239
5413 5534
5603 3629
3387 3307
1006 4804
2464 1326
3122 2780
3545 970
1981 640
2855 4487
2024 2075
203 670
5967 2978
5834 5612
2692 2509
3413 4304
226 1676
4510 5521
876 5640
4910 1536
2325 1356
5993 5101
2853 5610
2105 3745
4035 2353
5109 501
2089 1953
5825 3448
5055 1200
4515 4849
5674 2241
4528 4281
4372 500
4293 4122
218 5615
2367 3736
4954 3121
2646 535
5745 4023
1460 2081
4101 2356
5529 823
3302 1707
1635 2571
4541 4243
3439 3137
4133 1145
4305 4523
5256 2610
4961 2903
1068 3387
1995 4417
5873 3594
1909 3237
1290 1197
1402 1998
2581 1095
3487 4241
2683 2387
3679 5329
5134 4682
1405 4339
1775 4453
748 1746
1364 4779
132 2033
1239 5729
712 26
2525 3762
2795 2864
862 5218
3582 428
3364 3551
5422 1729
4946 2428
4411 1883
3984 1817
5730 2366
4155 2607
4648 2375
5341 5664
5478 1497
3706 4078
3268 3398
2215 2206
5129 3865
471 114
1164 423
2078 3111
2811 5161
4482 4814
1718 1220
4675 3296
3218 2515
5415 3730
1643 5134
922 417
3195 1928
5503 3484
1211 1108
5934 5618
1964 3719
2402 1290
1118 5515
1881 573
2222 3253
751 4710
129 59
5551 2385
759 669
2113 2899
251 3053
4701 1405
2252 1626
5423 4576
4770 4392
1520 777
2756 5122
1316 3460
327 1243
5382 693
5394 2620
4663 1914
205 4273
3217 3914
3843 4628
5633 1186
1430 2487
1256 1920
4403 10
2172 2217
3554 3752
5010 1993
1968 4712
3889 3734
2724 1649
3541 3673
5009 1028
5669 1316
2781 1292
171 232
1444 25
1137 2911
3778 279
3076 4851
1515 4168
333 2448
5841 4222
2410 4001
4418 2802
4815 3265
3901 99
4210 3937
5002 4595
2908 3375
2406 3464
5369 2985
3117 5582
1536 2390
5831 3236
5928 5443
3319 3455
3762 1277
5067 803
338 5953
4976 3656
3243 1812
168 3113
4808 2640
4270 1479
1690 2740
623 680
278 3652
4192 4971
5013 2350
2576 1983
1680 4543
2395 5169
5398 2388
396 1242
3550 463
3401 2337
5006 2058
1756 5700
5908 3925
3251 1313
1883 2267
3832 1446
59 3627
1741 3601
3335 798
3672 3194
1958 5159
4745 5137
756 4131
5000 2043
4111 4972
1780 5613
3496 891
5985 5842
5031 5722
5093 5001
1986 1288
1896 2730
3586 2611
2235 604
5460 3043
3708 889
160 4150
4558 1887
3077 1823
5678 4290
4806 1478
1911 2560
455 81
741 3606
1054 3872
4448 375
100 3216
1387 5370
4714 4855
505 2705
4314 3430
5725 4941
2188 1413
2217 3024
520 3525
3675 1159
2559 4896
236 4761
1870 560
861 4098
5215 935
2475 4481
3372 1214
2889 5224
5191 2141
494 3834
5038 3697
4962 2405
3974 3647
2243 2145
2699 4806
1604 2222
5495 4649
3515 3414
5851 2646
693 5770
5252 1041
5490 1001
5853 1086
964 1532
2080 5902
3797 2788
1237 4587
3405 5081
1824 1216
101 2778
2765 603
3180 2266
3494 396
4905 5000
3514 1002
4253 3920
5308 2218
5756 4393
3123 4203
1338 53
3361 5730
4884 2450
1073 1728
1838 2421
4608 3459
4926 1465
55 5623
2289 2854
3811 2041
5242 4446
3790 4961
3367 2768
2913 1862
2349 2877
1215 3374
4695 96
817 5559
3249 4493
1908 5002
4427 1941
1583 4612
842 1464
5442 4698
5751 3153
284 4548
1108 5221
3280 3913
2340 1185
4831 2010
151 619
138 4637
2766 2572
1009 4031
4721 2501
2562 1059
4252 4328
2994 1354
625 2897
4941 2513
5632 4251
3481 4379
4508 824
4295 3785
723 5772
5356 1906
3104 207
2377 1282
3158 1106
767 1577
38 4125
3224 4993
4016 2928
4861 2913
5639 4228
2654 776
4086 1113
4406 3779
4600 1246
2881 867
3804 720
918 246
4760 2989
3567 3831
703 3760
5953 4527
183 4397
1755 1745
4000 3894
3575 4218
3924 2919
2179 156
687 4385
5840 5807
1845 1838
31 2130
3301 4536
5846 874
629 2467
5248 3319
509 2798
1869 5875
4649 5035
1411 181
1158 5866
4079 1975
2459 205
11 1173
2948 4320
4987 3882
5521 4053
2396 4889
97 3140
5015 204
1829 3974
5459 3061
1340 3303
2002 388
3922 1139
5469 4017
2380 1224
3660 5677
5815 1846
5288 5135
5226 4647
2241 382
5694 5746
3848 4987
5001 4752
3728 4720
4139 711
200 5919
71 1452
5312 1625
2587 3522
4029 2609
4783 3221
2063 5959
445 2201
408 5713
4519 3323
2698 4293
541 5766
2166 5706
5570 1448
3141 2286
1414 1800
3961 4139
657 1904
5365 1013
3953 458
4334 2397
5216 1592
2282 5374
5561 4476
5636 2427
3738 4780
4790 2236
4616 4658
1089 4406
1449 1447
2703 3328
1576 954
300 5007
5335 2182
1155 2335
310 1272
295 609
2448 5511
3923 4963
2850 4597
1535 1895
4670 3228
3185 1630
4560 1733
1531 2202
167 2590
4430 1900
3254 1381
714 1042
5017 5567
4070 2520
4908 4386
4374 4726
839 1888
4836 1429
2316 848
3979 2873
2012 2858
2939 3861
2554 334
2391 568
690 4540
5039 2074
3388 4174
308 211
596 5781
367 5367
835 4413
1660 5416
990 3255
1585 2323
1612 2358
4918 5754
2013 1955
4214 43
1045 213
23 5633
4975 3917
2057 3982
4231 2221
154 3160
873 578
5880 3332
2950 1007
3471 1833
1495 3818
4150 5401
830 4773
1831 5934
1918 3443
559 1511
5806 2927
75 2287
2256 3748
4789 548
1562 54
5961 3222
1297 2797
2753 5136
461 1351
4814 4115
5232 1897
1266 4422
3886 4084
503 4151
5235 1686
920 893
5868 441
3165 3386
2746 1306
4118 1843
4025 3420
1050 4352
4122 1874
2767 3869
3816 4916
2681 525
1056 1472
4810 1129
169 2270
834 2463
5173 4589
2626 1893
3119 4414
4995 3027
2815 3532
2359 835
4668 2940
5664 5303
1744 4418
648 910
2223 1553
5461 3359
1173 1063
3358 2131
4053 2495
4031 3641
84 2369
2438 894
3709 3077
3187 888
3025 5402
2213 733
118 4953
1446 837
1017 5795
5481 5806
2312 1948
3776 3956
2369 3449
639 1564
143 2574
1671 5223
915 3857
1642 3892
4423 4708
2308 1911
5099 1052
730 356
3928 260
88 5500
669 2972
2914 2930
1720 251
3313 5811
5037 3173
5945 3806
359 3389
3400 3704
1497 2813
4163 3784
2524 1792
5814 3441
4056 5314
5266 689
3998 62
2990 5949
534 5020
266 5422
2327 5708
2124 980
2867 729
4077 5006
2082 1006
3369 2374
2053 1755
1822 5237
4443 5146
1175 3202
5185 3201
4129 5310
631 2618
4698 789
306 1263
1029 4825
4762 2752
2721 4735
989 4044
2176 4630
5827 3686
354 4170
1561 464
57 298
2715 856
3475 1183
3274 5776
267 1989
108 4137
936 1481
4872 5233
3771 4097
222 5593
2323 1127
694 448
855 199
962 4067
3881 1403
1269 4903
804 2348
1917 3075
2876 5164
5219 4809
3524 1109
977 5604
4283 4288
3926 5525
4396 3879
4774 286
402 4466
5076 348
16 4648
5330 1178
4154 1778
717 5757
973 1421
2936 2025
3396 3200
917 1865
1361 3276
415 4687
1346 4433
2149 5518
1095 2970
1840 1938
4630 3891
4034 167
3072 3266
464 2636
5149 430
1489 2939
4276 2770
2224 3413
3445 1062
339 2704
2522 5117
5296 5497
3186 4879
3774 3090
2577 1480
208 5878
85 1412
47 862
3282 2910
2730 4153
4909 3720
2291 4573
4594 592
858 5578
249 2064
3250 272
1928 588
3925 4534
5458 4564
5523 744
3112 1152
4063 1360
3683 3479
4733 5549
317 14
1379 5739
5493 5354
2086 2649
1284 512
4521 1586
379 3183
5194 3547
142 540
2084 2549
3853 2967
2048 434
4055 4980
329 3022
1999 1444
2118 5229
2747 4772
4466 3198
4724 2304
905 5526
2227 2295
3735 3243
4258 5786
5065 5950
5965 5824
3253 2744
3956 3829
4804 5465
2731 1617
2612 3208
4842 708
4807 4490
2761 3754
843 1847
2033 3853
1772 161
211 2016
42 4354
3941 387
2419 707
3325 3087
5054 1907
5400 1692
1771 1927
4346 791
4434 4706
2675 1504
4615 363
2644 3620
3759 4157
102 2898
758 1075
3276 4884
4220 1217
1650 1495
3967 2014
4157 5931
4985 4051
796 1093
5753 790
849 844
2782 379
5899 2871
2373 429
2318 5175
2601 4794
2314 3390
3198 632
1852 5568
423 1579
5247 1799
3423 3664
4084 5907
2741 1684
1685 543
3529 1814
5796 5243
4531 4504
1761 3747
116 4424
5189 3699
3258 3288
4003 2326
5393 2598
2533 5597
2383 2569
5901 5721
2975 5556
53 4626
467 2726
2578 5743
4296 757
5426 3408
2229 1645
3740 1946
2666 2909
5578 508
5838 3805
3930 437
896 5177
113 1057
5353 5423
4578 5496
5301 1588
2454 2533
3583 3012
4054 3242
4876 779
197 4525
3932 2772
2708 2195
5760 4938
2634 3902
4507 2261
2589 2537
3269 1940
2740 208
1924 1232
5898 1992
2361 963
5462 174
641 3770
3211 4873
1564 4575
850 2089
3208 5873
1472 5036
3021 2668
967 1482
1403 60
2716 3939
573 5756
1001 897
658 405
3290 4013
668 3049
3291 516
1616 4041
2427 515
1630 336
3060 914
3085 5320
2532 1431
165 4583
2006 1857
5741 4052
2927 2815
1007 545
3164 3383
5802 1278
286 2351
1891 3115
2334 5407
3720 3297
2590 5103
2863 5831
3380 5863
5186 616
2874 526
1440 4253
451 4333
5937 2437
273 267
3880 5067
3246 1967
2146 5616
4924 381
864 4489
2049 5516
2231 3851
5513 3193
3431 249
480 3839
745 3096
1025 165
2810 2522
2852 3020
4823 329
232 4882
4045 2022
550 4444
2061 4240
5485 265
2896 2974
3462 766
1485 1942
4226 978
1161 2485
2976 1161
1509 55
945 4060
2539 5034
4292 4678
581 585
5370 5726
5700 581
1955 2204
5348 433
1605 601
326 3416
1754 3544
5237 2300
2670 2823
2633 5217
2482 217
58 5368
872 133
76 4398
2022 177
1784 2099
3937 1030
3917 2498
296 152
2244 5378
5450 5478
1674 3604
2523 3712
1051 4998
3350 1332
832 2577
4321 2213
3073 3538
103 5603
3780 2821
355 2080
2284 2040
4237 358
4897 3442
1319 1048
5160 1415
4069 3684
4370 5065
3365 3454
2697 4148
1041 1852
1998 2360
2366 3055
3879 3436
3555 1213
1946 1318
2825 5247
1653 2980
1832 1909
2518 1520
2673 834
4880 4538
653 2333
5865 443
965 3350
3716 2111
255 3768
3746 2257
4598 5126
782 3738
2544 412
2726 4000
245 344
5877 1366
1578 4863
3532 1996
5403 2691
5097 1981
805 3010
1985 3859
5026 5848
3508 332
2669 1585
2287 5550
533 4819
5336 5211
5378 2103
2947 2653
4419 1322
1360 2005
1374 4864
5236 1779
1625 323
4854 2161
2900 2663
1480 1321
388 4684
1397 4296
4915 1122
1658 94
1193 2592
780 394
386 3154
176 4178
5586 4074
3434 445
4970 3428
5895 541
5671 2021
4207 2107
4672 1324
3657 716
2836 4464
27 4135
3838 3256
5809 462
5709 2493
1349 987
5958 5379
3796 4994
3768 4592
5383 870
1866 933
3866 1172
5876 2436
40 1892
4676 4425
3225 3761
1696 2500
1196 5973
1317 922
2541 3860
5919 968
860 1015
5623 1864
5833 2782
406 5965
3649 3976
62 5068
318 72
2963 1516
162 2776
3982 3114
5648 3444
3900 951
29 4113
3872 3325
4012 51
3980 245
4950 410
2848 3826
1412 2794
2092 5270
2446 2227
3773 3823
2447 3001
5224 5398
3952 873
1825 4086
422 5825
1224 4565
978 1044
2155 3080
1011 1069
2934 739
193 4768
4265 256
1649 3577
2473 5801
2530 324
3163 4853
1336 5167
576 4759
1474 5269
4544 398
2037 5752
4137 778
924 1330
5684 2502
4902 1614
637 4024
5483 4615
1123 276
344 2048
2885 4560
3830 1121
1648 1070
2137 5562
1294 2383
3425 2777
5004 5433
5372 3220
4927 2841
2938 1619
4686 5260
2515 5171
2065 1663
4968 1276
5070 1858
2678 4143
3234 1788
4148 3505
290 2593
1774 5109
4645 2827
5386 3393
1856 3836
2849 3324
49 3312
3495 3654
4216 3450
4301 5044
504 3056
4449 314
2929 2987
5211 4569
510 1184
2667 551
1427 4246
2109 871
970 1408
1141 118
3947 5414
4326 4906
1533 1050
894 3510
3640 1136
1433 2293
4143 3552
3152 2291
5349 3348
3775 5961
4708 2849
174 2165
425 4016
1736 2174
4586 3495
5736 944
5122 2665
3286 1722
3115 3302
3449 1916
529 1640
1388 149
4358 3843
1675 3643
1765 1775
1153 1521
2535 374
4933 5705
4348 5273
83 2289
4504 849
1259 2624
4785 5599
3856 1209
3994 5144
5408 2628
227 3638
577 1250
5238 1045
2428 934
4982 325
4462 1681
3704 1770
2623 5884
5130 624
884 3581
5290 2907
5912 2140
2685 3003
3748 5202
3370 3048
5043 1359
3808 1740
5773 811
3646 5179
5554 101
1280 1623
1867 226
246 4740
4108 2414
3017 3702
5597 3280
3810 3101
799 1939
3929 1868
5583 2583
5024 3778
5162 4400
5870 4085
1335 2407
3022 222
5283 2738
2478 2959
382 5392
4738 2472
1452 1774
2465 1609
4093 1300
4354 1867
3106 5844
603 3938
3058 2892
4525 2674
2967 2811
4580 1732
3078 4767
612 4745
1102 3465
2081 4725
4388 3095
4167 2587
3043 2368
4146 2775
4801 3392
4936 369
4014 4966
2803 4618
5708 936
2923 851
3316 2727
5540 833
1796 2639
3835 2
846 5125
5710 3862
61 3260
726 219
2106 1097
2192 882
1101 3961
622 5611
4160 5480
2197 4091
240 182
1808 2679
614 989
1295 2384
1313 5570
2443 5459
1064 56
161 1855
2748 5987
2425 1137
3670 4942
5279 4185
4978 1720
5143 5014
3256 4584
3094 136
523 4182
4451 1119
5286 4080
710 3427
2496 853
4173 3489
889 575
833 2786
5088 3776
5921 168
2534 1715
5573 123
2189 2667
2209 1528
4340 4924
3312 2426
4307 4434
272 1670
1513 688
3755 3247
4277 5084
569 3229
3996 3807
4661 5165
5591 5418
592 3628
4877 1138
1803 4671
5470 3279
4452 499
4981 2092
35 758
1157 539
733 250
1069 1304
1571 4025
1889 2630
2827 3916
4574 1977
3116 5939
254 3112
5955 2783
3205 3497
476 4552
1931 5854
4153 5116
4925 2276
5387 4743
2221 587
2374 2984
163 3844
2920 1832
188 5138
3730 5315
5376 420
3083 1461
5331 301
3397 506
5246 2901
1109 271
3949 667
2095 5239
2792 2050
3822 5837
4660 489
656 5023
2755 1519
5104 4415
4222 450
5081 3789
5033 1702
4164 4037
554 3434
3770 2567
4524 4619
4536 883
1820 3327
5206 511
182 2240
4062 5809
5951 519
3906 1766
2487 5394
4939 2296
3707 5803
1732 4640
5086 2066
4835 1643
5778 5158
2202 5442
485 3155
2895 4911
2608 3281
719 2988
4735 3146
3654 3546
5550 4824
1937 4324
5658 362
774 713
106 3224
5520 461
5068 4365
3040 37
5941 5670
4996 1721
20 2943
1545 2824
2309 5620
5808 4062
3162 4642
5227 2357
743 2411
4393 171
794 1400
3989 229
1602 1861
1770 1389
3680 4175
4347 5947
3887 702
3069 1918
1186 216
438 5763
621 2068
5602 5774
5800 4579
1147 2550
3279 1801
2819 5377
916 1379
2344 478
3384 4478
2610 660
4230 106
4177 2586
3674 5887
575 852
1915 5545
5920 241
4498 353
2157 1599
3429 2709
952 764
5272 2209
4705 1828
5531 2934
2207 2047
4748 4741
2068 530
2097 5473
5609 1260
4401 1575
5049 105
1306 4591
2882 5173
1789 3493
4943 699
4903 2573
2239 5510
2970 2689
821 3102
3973 4865
1906 5760
5738 1120
2034 3210
4588 5420
3458 5311
4593 3927
349 652
1077 1102
3063 2664
2951 1439
3179 4714
5973 2655
3951 4236
696 763
5749 3405
4782 2524
3171 3506
126 1552
4361 5725
1805 3161
4885 4346
1463 4012
4680 200
2238 684
140 4184
2476 442
1328 5250
5916 3322
1550 3991
358 4784
2404 5363
1187 1143
4144 1827
640 4249
4969 1455
2734 3931
1708 3421
364 3932
587 46
5936 5426
5347 5849
392 4705
2839 1797
5926 3523
3801 2981
3228 5121
1701 4458
3548 2731
816 2370
1213 44
3765 3797
983 2352
4417 4077
1091 1638
4082 4567
1120 2896
4424 955
4779 1445
1538 4828
2107 3065
5545 3030
418 1328
2665 4301
196 3708
4898 5619
3661 2196
5497 5365
4998 4321
4495 5107
2422 159
95 1756
5084 1078
1191 2536
487 2568
3688 4991
3420 2541
727 4512
1500 2637
5262 5898
2265 4550
257 4104
1278 1644
3754 1829
1276 4555
4579 3845
5163 1179
2894 1790
5448 1660
4087 5358
3493 3883
4568 5241
2845 2769
5629 2451
442 5740
1764 1167
5894 5793
5726 5148
260 5830
3199 2818
1322 4921
397 2049
1679 1679
617 3362
2694 2597
4990 1402
2295 3541
869 1616
1277 3821
1103 650
4076 2395
1225 1567
2094 1229
5655 3732
4751 3272
2342 5298
1122 126
5617 3213
925 2121
3227 1527
3530 1357
484 1661
5659 5415
3955 4380
1800 4888
2335 337
985 4557
313 1365
2453 4054
3469 2156
2170 4764
5118 5440
957 751
1389 1735
903 1494
5471 354
3318 203
795 4404
2653 1837
2651 4201
3718 1040
1074 2234
2656 3089
5436 2124
951 3671
147 320
144 2622
517 4790
5025 4663
4753 1222
3415 372
4005 1082
2760 1463
323 5634
3145 1296
4256 4542
233 1987
3328 4315
5677 2800
3252 1549
3579 2936
5316 5631
4711 2743
94 3268
1039 4496
1132 4401
3913 5222
5722 718
3666 1117
3100 1762
4389 736
191 3401
2714 2481
3105 2733
2643 190
2164 1194
1381 1165
1260 4777
3194 4958
644 4340
1669 2053
4288 5482
1702 3358
387 5106
2360 3188
2640 1704
5326 2224
1501 82
2411 4093
4232 5110
1778 4815
5064 1636
1469 2420
2296 3072
5842 4050
2563 2534
942 532
12 5948
3267 5051
604 3715
5867 1768
2038 5592
5818 4089
1624 5728
1432 1664
4750 1385
3233 5119
5060 3562
3049 2132
3051 2347
785 3360
2722 998
1479 5841
2444 5039
564 2178
5466 3827
3787 5506
5549 1204
996 1695
189 4770
1032 9
228 3120
1459 643
4262 522
330 3507
4554 4603
145 391
777 5468
1560 3099
2253 2551
2424 600
1793 4837
4622 5118
5556 2035
4096 3064
2575 5718
5008 3614
1910 3528
776 4370
2529 1743
1925 2249
1839 70
2794 1087
752 3773
1992 5040
5172 2562
2136 4633
563 3344
1709 1241
463 5747
636 5780
1726 5429
4184 3496
4583 2055
4592 2354
4461 2228
4732 11
3038 5643
4142 2523
1953 3615
73 939
4356 819
462 1824
3710 3919
5971 4580
2200 3207
1021 3076
472 5834
5797 1910
2423 5958
4611 175
2710 572
2442 4129
2125 2072
4473 5960
1424 212
1710 3554
5479 2442
1878 4992
4233 2455
1350 5544
2378 4816
3255 4503
2175 1860
3596 4737
1301 5693
3102 352
4017 436
2480 2034
2926 3740
5144 785
2429 5089
4546 1668
1895 2454
2455 859
1455 4556
5777 5899
5291 2084
3726 5769
2165 1727
1390 1709
2851 4836
2067 3129
4824 408
3285 2491
2485 4808
1199 5832
502 306
409 4164
5082 1424
441 5283
41 4872
4974 5405
3386 1748
3347 3006
91 5541
1220 2490
5909 3343
3360 4285
2841 2001
769 2088
4467 5661
1950 4937
312 2904
3371 2966
4272 1311
4008 2297
2924 1142
2965 3063
4371 1932
5234 1963
4856 904
2943 2396
4114 5018
2232 5753
3809 5381
2584 2172
3121 2566
1623 5779
4327 2957
540 5054
651 4303
5184 4701
4951 3004
3690 2946
1014 612
1815 4128
3062 32
3337 920
3844 3144
3065 4334
885 4724
299 5954
2433 3239
1544 2199
2144 5665
2679 1856
2275 1201
5239 5390
4811 2999
1251 1687
4442 4112
65 1780
5358 5413
3047 1440
1003 3106
1503 1578
574 5636
5321 5955
192 2128
2047 800
5263 725
1488 84
811 1988
3839 4202
4071 5925
407 64
5131 3531
5652 293
4245 2471
2331 4610
2632 2506
1030 162
2566 4076
3722 1915
3915 4842
4363 5236
2663 2248
1135 1492
2489 2739
558 1701
3009 1490
1249 2037
5832 3947
3295 3032
1830 2659
2045 1596
938 2148
1128 1017
803 4181
3659 3930
2479 1784
164 1016
1404 4672
5689 1550
736 266
1422 3780
5724 3973
1406 1546
5114 5219
5297 2359
5925 3941
270 1689
4576 2712
3538 2582
1439 1971
5927 1758
3884 4359
4382 3128
5430 2173
1542 2122
2236 4600
3132 3646
1238 2423
3563 3478
5618 801
5276 351
2493 4933
1614 69
1275 2700
5559 5349
3992 1422
2821 3331
178 5537
3080 4792
4952 5245
4095 3498
5419 4508
2842 3262
4422 2158
4895 467
2376 822
3403 5470
3107 3954
3891 796
2096 5064
2187 2678
704 4428
571 1285
5780 244
4201 160
3793 2799
3985 3534
2565 817
5758 513
87 153
1801 3181
1693 1925
1330 5200
3275 1088
3221 5561
4763 1717
3664 5306
1184 5280
5034 3680
3004 4657
5803 4651
4864 1080
1302 4578
81 2365
2884 5577
4002 3016
491 2464
2005 427
3466 1218
4590 4908
3802 694
4126 4791
3570 3301
2104 3481
2718 2310
543 6000
4180 3009
3184 1841
394 2796
4802 4722
181 2170
1080 1919
5437 3799
2618 5941
3002 4553
4040 3676
3665 2588
4863 4775
4335 1990
3294 1105
4826 4375
3997 5492
5306 615
666 1345
5018 4470
3468 4965
1130 5656
5005 18
90 2883
2917 4934
4781 3308
1229 3663
1377 5626
2372 2136
897 1503
5085 2963
2944 3986
5404 2722
3410 4887
3566 187
5267 1557
4247 5366
5956 4789
1904 2944
1972 814
1622 5340
1484 1399
3502 364
893 4291
4375 5399
5779 5488
1581 2529
4236 5312
4353 3801
2007 3135
1779 2245
5158 1813
2921 864
4425 3093
1833 3755
711 4738
3259 5309
4799 1166
4410 3263
1321 2511
565 5896
3873 1099
424 1456
2630 4975
110 2661
3377 5431
2986 3252
1728 4461
677 424
1960 1761
5866 1226
1053 263
1192 3890
4768 1496
5813 3131
2711 4917
5507 419
1749 1529
5959 5316
4605 4270
1202 752
80 3597
5179 4147
5687 5906
1375 1435
2966 3624
1733 5097
294 2543
5390 3814
150 3707
2897 3763
1274 138
2142 2693
5859 3898
1569 3710
1491 5912
2320 4802
4481 2265
2579 5679
546 2378
3373 520
5918 1176
1078 3159
3412 1580
3537 484
1145 1944
3024 797
1407 4713
627 5658
1198 4754
5715 3086
1652 2608
5884 1390
4886 1572
4458 5277
706 4163
2509 5758
757 1501
430 4910
3875 639
4906 3866
1730 5573
2527 1344
979 4068
732 756
1478 2110
1876 5645
224 5319
1615 2231
2822 5472
5077 1871
2571 605
5835 2728
4659 5513
2771 2118
1956 4299
1967 275
2744 3910
4526 3435
5375 976
5519 1279
5063 4547
4729 5172
1637 1685
4318 3526
4263 5674
5537 2916
2779 4162
1236 2364
815 4988
3721 1419
3594 2152
3300 482
4821 327
4049 4242
594 4263
4198 5204
235 2402
223 3874
43 1943
4992 4762
3376 1901
2574 3852
325 2017
5847 3596
5314 3788
1662 2791
3398 5937
3942 3404
4436 2671
3166 431
4719 1587
5812 5216
5892 2711
2682 330
4899 57
2056 2193
488 4989
3641 4545
3766 4844
4609 3960
2185 3617
2964 3353
673 1698
2181 4894
5826 4211
1426 975
3307 5026
5938 5523
3087 2340
2471 5800
4450 4377
4387 4145
3986 1457
3071 1811
5112 3600
3849 2306
5059 1074
1753 5984
2384 1526
5804 1595
1026 1245
3344 583
5223 252
5917 527
5121 110
1871 1307
5974 1397
5681 1613
3871 3636
5391 5251
2122 4275
1487 2069
5287 4326
2543 3645
2931 4070
148 1053
4100 3267
4218 3040
3270 3513
1794 20
1304 3933
115 5227
2935 3486
1567 4260
4365 3107
5138 4096
5115 3963
3506 1026
1698 2749
740 990
3651 2950
1976 5341
5363 2642
2969 3568
5665 1878
2780 5028
1714 2237
3271 480
4179 2857
5613 1454
5340 4014
2472 1537
2159 1427
2826 2672
1075 2185
3521 4338
1529 2717
5991 881
697 287
2684 3047
275 5741
725 1134
1591 2703
4535 892
1110 2063
4478 695
1486 2462
2262 4758
3604 775
797 1303
506 2394
1115 5632
1061 5976
4294 5192
2268 74
3504 4220
607 140
314 2695
5630 3349
3247 1341
4360 5132
5882 4371
5133 5428
2865 3426
1828 5765
2277 1736
1884 5512
242 5226
479 728
508 4654
4728 2254
1268 4669
5366 5436
664 5362
2027 5580
5298 974
5949 3855
613 1583
2015 3518
720 197
2555 5933
186 1151
2788 4248
5716 2377
1879 788
1181 2108
1769 5449
499 2277
5011 4530
3627 1131
2156 1132
2649 4032
4587 5579
5156 5330
4311 5514
2814 2530
999 2416
3760 3423
3826 5982
1179 731
5666 4582
3744 3816
1293 2596
4483 71
1539 3767
1312 33
1590 2862
3546 3169
104 839
4755 655
878 1652
4315 2835
738 299
3959 4670
2350 982
545 2831
2085 2260
5601 1031
4369 1615
1133 1985
195 2995
2062 1123
5785 637
328 3977
4266 50
3643 4343
1015 4088
3867 2806
633 488
1156 5880
1214 5502
393 2753
5388 1192
2671 2125
4537 1538
5324 4685
400 2171
2901 4419
4085 1889
5590 5735
2513 5734
5525 1144
316 5292
747 1969
824 5971
1165 456
2319 5501
4551 5045
2893 2708
1219 5910
5585 5186
497 75
1655 3540
827 5768
3079 1488
268 2299
1684 5210
1823 5864
5050 3999
1334 3521
5440 3727
852 406
705 1629
1416 4215
1890 3431
2278 2098
1250 1763
4364 1135
5339 4797
5947 2997
2178 3810
3262 4132
3739 4644
2029 2190
997 5588
1060 5287
5555 879
4561 1374
2399 3218
1673 799
898 2106
4001 3062
600 2673
5691 1442
350 3429
1448 2979
1507 2507
5763 5988
3782 2203
1664 4692
3846 2789
1058 4693
1367 635
5735 3
701 3397
557 4399
2807 4225
435 3626
2073 876
1438 312
1724 2052
847 254
3745 845
5111 1639
4520 1489
152 1807
998 5744
2902 457
2627 3633
4685 2159
3729 1816
5003 4952
5275 3819
4888 4829
3261 146
3411 5302
2386 5595
2381 4101
3518 5446
881 3079
5628 1677
5855 4492
4718 466
2602 621
939 3042
2426 3123
5663 1750
4107 383
1417 3591
4809 3468
5360 4562
4211 3509
3813 2409
5903 5944
5524 343
4433 5249
4853 4403
173 679
4766 2656
3731 505
4553 148
5748 3599
5765 483
5170 13
526 5361
5228 810
1903 277
4638 2440
5568 3716
250 4142
2770 5676
595 3424
4500 2138
3273 4985
4798 3559
303 2921
1273 821
180 5835
2250 5782
3962 23
2832 5190
5148 2688
1217 5796
210 5313
2591 858
1723 2247
1872 5594
781 2251
2201 4055
2891 3967
4557 717
4455 3706
5656 3876
5515 3759
1180 1077
5056 1821
602 940
3136 233
4772 654
3877 3703
4286 5351
3099 5214
3737 4048
4110 15
3315 4313
589 4905
2281 3274
823 1753
4081 2339
5022 5123
4206 964
2933 4026
2512 2503
547 2519
3939 5424
2297 2042
5434 1037
953 2721
2039 567
1706 5495
966 3488
1692 230
3046 3825
682 5452
787 2757
4324 5015
5397 2554
2193 5149
3829 3539
2668 5833
198 109
4650 91
5517 1921
4274 3989
5311 3681
3416 5885
3954 2763
4960 2965
5610 5230
248 5668
2738 4109
868 2263
560 486
2636 1803
4341 872
655 3922
1847 214
2413 3889
4059 3315
3931 460
2150 536
1019 4653
5207 4526
335 5469
3342 3533
1577 5858
153 1193
3927 3548
4758 3904
4281 3480
2043 977
929 4868
4501 4826
838 4744
3533 4255
5881 1608
1376 4146
4135 1273
2502 4480
371 338
2875 5288
5888 2612
4391 781
2074 5304
1843 1930
5140 2961
5593 5181
4390 3613
4352 831
4827 2070
3064 4574
1807 703
1329 730
3711 1601
1975 4959
4121 1751
5198 5238
346 4410
1399 3041
1148 1508
2878 3739
3348 1240
4023 4362
909 4711
5079 4021
3362 503
2621 3189
2818 2843
3662 5638
4380 4283
606 2948
4665 577
1776 3549
3441 1794
863 1859
2787 4912
812 4191
2293 2809
5250 1831
2989 2570
3298 1261
3402 340
5685 4874
4058 3034
5449 3979
1117 1255
1370 4072
3547 2736
3908 4166
2019 2953
1315 1003
786 3185
2212 4491
219 5256
439 4430
1254 3313
5292 1711
4306 3165
3304 63
2772 542
2341 5404
975 2861
5377 3126
5592 117
18 558
4851 4832
4196 2087
5411 1190
2458 5819
1678 3955
1282 2250
2018 315
4415 1954
4019 1558
5897 2888
1757 269
52 12
2614 3959
2387 2117
2790 3619
2000 303
366 5986
3645 5609
5405 5019
4339 209
3308 131
737 422
5305 5335
3041 150
3156 2342
4182 3593
3618 3011
2294 66
609 2438
3527 514
3712 5680
2305 743
4357 3083
1528 5437
264 651
4527 3516
3890 5056
3483 1826
302 2151
1453 5630
5320 2565
1555 5586
5190 5201
5719 1610
630 1188
4444 1268
1926 5975
3678 4426
2834 1009
3576 1863
1170 3733
482 2367
921 3909
1994 3714
1738 4925
453 5584
507 4486
1466 832
3615 2431
5721 1672
78 732
4279 5554
3619 4522
4599 3257
2436 1170
911 4721
4837 5688
4109 95
2607 5538
5983 916
2052 1103
1875 3321
4316 4036
5499 2684
1171 2830
1984 67
535 2819
5447 3746
3960 2189
853 1524
2259 3542
1267 4818
512 21
4634 3176
672 4949
1727 2723
4944 2478
77 5108
4955 3385
5789 952
3999 2859
4859 563
772 3029
3310 2381
5075 5012
4720 579
4744 1739
773 5017
4158 185
5565 255
331 1301
3193 2764
3946 3896
28 3039
5783 5046
2516 1936
578 3186
1611 3190
1461 1432
4693 544
5090 1049
5634 2372
5511 1931
4342 3924
4549 2238
5355 3885
5119 4827
370 3649
2219 5455
3448 3833
4931 5557
5690 4881
5624 4709
2283 495
1553 4843
684 3945
5351 5396
4913 671
3857 1064
4816 5268
5012 1380
2115 3711
1209 247
536 2629
3905 455
4794 3141
4312 4258
3522 2869
3747 4351
662 943
3644 3888
1401 2654
3975 5409
2743 696
4397 273
421 3569
5693 4943
3549 4250
2183 5815
4570 2318
2959 4947
4267 1234
3772 5128
4378 3082
2069 52
948 347
5539 5105
2321 931
4687 3958
3539 2418
5201 3372
728 371
279 2332
1090 307
976 582
5089 2015
2484 4107
2418 1515
5696 1719
498 4885
2333 2308
583 1810
3488 2181
177 2483
3088 4286
5875 5042
347 310
1257 1968
1415 5856
2957 793
2434 5005
1712 5231
2093 3271
5732 907
4116 472
765 1115
4829 3519
4037 411
1037 2983
599 4462
2088 5694
1849 3180
2154 5980
201 523
1176 3447
4479 1350
1490 2413
3520 4919
3061 416
2102 2845
528 4311
5761 1297
50 2373
1816 3742
1607 5299
1421 1694
4725 5738
3862 238
3516 967
1150 3446
2286 1024
3882 5714
2240 4964
3467 2538
2103 1384
377 3254
3229 2658
5579 843
1743 784
495 4539
1902 3721
3656 5462
4602 3025
5476 4756
3212 1347
1945 3607
48 1624
1496 2951
332 4730
4603 4675
478 3903
3648 415
1159 5508
3057 3133
4513 1690
1742 2732
1413 647
3144 1995
1047 2847
82 4563
663 5883
5567 4327
4199 3371
4860 553
4212 3377
4484 1700
1450 4501
4166 918
1059 1294
1880 3369
4614 1309
1020 2866
4613 4276
618 5463
2456 30
2556 5736
5302 3134
156 409
5954 4186
4117 5301
3333 5435
4073 5297
51 5176
2773 3585
3845 296
4099 2410
127 2192
3976 692
3742 5767
1735 454
1837 1950
5486 4990
1595 5253
5504 2958
724 1666
1859 1054
3783 4224
4713 210
2728 2056
4273 3667
5932 3582
4879 5654
3621 2872
5502 5862
5969 5564
1858 5653
5468 3351
4517 3949
4642 517
5245 4590
4215 4471
4176 2604
4682 5642
4715 3149
2521 373
2620 4623
5044 5794
4893 3152
1320 5999
1961 3469
5269 565
4980 5489
5728 5074
1129 2011
2995 5663
3620 1551
4582 5062
3697 1693
431 3197
1222 349
3050 121
1151 4081
4868 4214
1790 1377
1094 2284
114 1361
1204 2747
96 2505
4131 2137
5699 4820
3559 2401
813 4130
5113 4323
511 4004
5552 3410
3940 3964
4333 5681
597 5558
1817 5635
5345 1433
3741 5075
2833 3524
3552 1548
5576 2627
5443 2012
185 3567
15 611
5217 1022
1621 5903
1640 5755
4607 3535
2892 1228
5249 4594
933 1289
1668 5540
4839 4169
3167 5504
209 2319
5020 1819
3329 4445
1296 5385
3701 4866
2704 196
4407 3019
4628 5596
4010 4821
2463 2456
5704 5683
4723 1804
553 755
3299 225
3265 1208
2949 1697
1470 170
4132 1961
1000 4448
2526 840
3309 5317
5896 5080
1098 3483
4026 85
5957 613
474 1271
1331 5876
579 2302
3957 4394
802 97
1584 771
4965 377
1097 317
4075 3139
5342 3950
4828 5560
5848 5935
875 3051
2403 2977
1200 288
3075 1196
19 4622
2983 3639
531 2303
1392 5355
5061 2163
5791 2432
946 2575
5914 2220
2499 4447
3519 3298
980 956
4332 300
5433 3685
5142 5993
2394 3071
848 3906
1504 3132
2397 1067
1167 284
3943 1620
5600 3668
2279 308
2440 3796
5401 5184
1373 3691
2008 4635
4677 5479
5854 5063
1494 1287
5214 5810
2784 3665
3293 1621
5750 4736
649 3118
2619 3658
2925 4858
5023 5124
4227 2091
2597 3724
3343 5853
2723 4935
3964 861
1667 5945
4577 4289
4986 5717
1385 1749
5368 984
1262 5282
3033 1180
515 1018
1947 5467
5145 4423
1919 3164
5532 924
3418 5198
2545 4932
5977 5053
3457 4254
1425 3451
2026 2885
67 5307
5094 193
5141 3501
3314 2197
5303 1235
4405 342
5057 2449
99 1665
2174 4838
2635 5913
1665 1712
3359 721
2064 996
4426 235
5230 962
959 1710
481 4892
3590 2167
2214 5324
4291 1886
3034 1171
1901 4287
1028 4667
447 2328
351 4830
2025 1499
1303 961
2220 5617
3231 3142
1292 770
4264 4981
4618 3005
3177 4402
4983 3168
1232 533
1512 5157
4235 5456
4522 5591
3395 1073
383 1764
3528 3050
2160 5682
2218 4336
2030 5369
3306 227
3598 5052
4094 4515
5271 3021
2712 5168
3338 3800
1854 4717
446 335
3427 571
5944 3751
3044 593
3988 3475
2928 2465
4317 4950
5801 1416
5494 2002
1456 860
4506 5397
2090 2067
3479 1674
1518 5360
3860 2976
1716 1642
1008 4616
3197 5816
5128 3642
372 2699
1848 3258
452 4803
2906 4395
1877 3987
3455 4117
1827 3235
5259 474
448 1509
4050 4951
2171 3908
5322 3576
2996 5395
4303 2480
707 1533
1234 5749
5371 4528
4848 4652
2368 4227
5051 5345
4028 4439
590 3609
4612 2285
5441 173
1253 3070
2468 4883
937 189
1962 3583
3014 1570
4282 35
5255 5805
3878 1342
3103 2992
5740 727
783 4473
5952 3822
3346 1845
2180 5690
1395 4264
524 5606
792 1128
1252 3921
1022 3127
3935 5998
1522 475
5942 3457
3149 2135
1394 1221
2871 1531
4195 1423
3283 3675
5380 1512
2274 151
460 3802
1435 737
2615 5494
1873 3474
1227 1112
2550 2816
3601 3330
2759 917
5350 5147
580 2322
1182 4
1283 3432
2789 268
4259 5785
3385 2804
2757 447
5491 3868
2001 104
3874 836
4629 2258
5660 4046
1966 1637
3592 2867
2981 3608
841 2895
5110 2807
3118 1600
4730 404
2258 425
4953 1181
4170 5879
4494 4559
5414 4388
4674 4095
1337 319
4929 4755
1821 259
2147 5267
2866 1107
659 1100
1935 631
2912 5077
1603 3145
4901 5855
241 1349
3157 479
585 4154
3 741
4847 5904
542 5672
3756 1239
3698 4731
4061 1782
5126 5838
2542 3333
360 4342
4431 130
3287 5892
3074 4277
3349 4544
401 4187
1663 2024
2357 5981
2661 645
4067 1984
3553 2676
5278 4216
2725 4750
3019 3037
1659 1438
5692 1395
2729 5678
3375 5942
5127 2853
4769 4058
3101 2392
867 2836
3150 5170
3236 2685
4402 629
4156 1471
4662 3148
3451 283
4399 1951
2507 2255
2337 3688
1042 3880
3824 2606
1797 820
4496 1091
3625 2028
1596 4134
2072 4899
2017 2683
1552 3753
5839 4688
5889 783
5265 767
5446 361
2345 4920
2797 2615
2099 2198
2044 3054
5604 2893
44 2692
5857 1231
4671 4841
1279 607
4480 3731
8 3687
3048 5205
814 5553
3825 2362
1547 3897
1912 3044
790 5491
5975 4940
3758 4695
2451 438
4797 3341
4545 1785
3817 3662
3668 2433
3597 469
5417 3580
2506 2404
3702 4760
3272 4776
206 4429
368 992
3456 1358
3059 4102
3511 1114
3558 4431
3366 1834
1368 92
5774 36
1409 498
3732 3212
5364 5920
5995 685
4285 5569
5254 3988
3903 4996
4841 1116
4474 5625
2548 5318
1353 4782
5498 5471
107 40
5611 83
789 4022
1033 3057
3883 1331
5772 5113
3607 3259
1965 5817
4127 4261
477 236
2055 5333
1613 1155
2629 3017
5862 186
1900 3356
562 3696
5176 1219
1144 1477
1464 215
4647 3440
4912 1924
1188 1926
5518 3793
2720 1019
1481 5650
1243 1404
5960 2677
5530 3588
5856 3669
5197 2971
5231 4668
1189 4469
2916 1688
1811 3666
1383 4408
66 4697
3936 2210
1930 1162
4712 3305
1134 5918
5424 1352
3419 2026
913 1164
1573 3085
4241 1675
5106 4811
5444 2439
5030 3520
3446 1491
1987 3971
2672 3338
2971 1994
3864 3726
4765 3995
608 674
5489 5916
3173 2715
5453 846
3477 5389
3611 3692
3489 5608
3303 3033
5981 3172
3785 1945
514 3578
3459 5498
2880 2200
5933 1898
4703 3713
5062 1653
2301 638
4747 4517
5548 89
926 3206
3682 3166
5107 4302
3599 1622
4857 4177
5970 561
1382 1525
1963 805
3424 3997
5264 4960
4246 2215
4345 3500
2462 2771
865 4558
3969 2458
3561 5627
2700 4805
1265 2808
584 224
2858 1959
3443 4999
3130 5871
5829 5992
1341 125
5014 4860
537 4519
2009 3241
2405 2219
2941 866
2613 2406
4697 389
220 2460
5073 3820
4514 2469
39 2334
4610 4438
1863 1367
1936 4859
2978 1280
5910 4812
13 4374
307 1848
2158 2371
2021 4982
2198 5432
3577 2281
779 4206
5261 4847
4465 4716
2031 657
2420 1922
282 1257
4764 1699
5007 3487
3564 4877
2960 3545
4966 5669
1447 3175
2817 890
3438 5356
2280 2482
4988 4427
3174 5434
2409 4011
3692 1027
4297 901
5187 1323
2551 4378
5902 4715
3209 5055
5196 6
2657 4834
1627 3098
1609 3130
2707 2760
3492 2046
5734 1305
742 1683
5987 4909
1010 1169
1112 2176
3172 1974
3029 142
1228 534
1725 4111
4543 5840
2352 5590
5963 45
2982 4929
5508 5651
2537 662
837 4976
2860 5964
5105 3512
1443 1098
1230 2741
2800 5951
1927 2682
1802 1979
3699 4197
5594 905
4843 5533
877 1348
5510 2129
532 157
5723 4665
4169 1912
3120 2735
2598 3084
5647 4325
1758 5417
2329 2900
2763 4274
3353 4956
4540 2746
3147 4391
674 5731
3572 2882
895 5061
4734 5924
1835 3655
3232 5702
5702 3622
2247 5940
2829 4035
1248 5699
5153 180
2066 2734
215 2814
3734 400
5787 1388
4178 2484
225 5293
5455 4867
3779 1071
2101 4195
1365 3573
4456 4627
3482 76
2593 4347
4280 2232
791 1436
4152 5820
5151 3110
1676 2470
652 3354
1537 4499
1568 4307
4051 3445
334 1083
4 3458
5998 3631
3056 4199
5200 3757
5943 2226
1575 1371
3097 2758
3391 3887
5101 855
1124 5284
513 5783
5168 1198
1323 5994
1345 1147
4726 4047
1973 2311
3006 4636
2379 4904
4072 5600
2110 5430
1677 3223
4400 5673
5572 2269
912 4468
1686 357
2273 666
1107 5441
5788 653
3191 1542
2573 459
5930 1830
5310 1507
136 3109
1857 5334
1819 1875
1477 4621
634 681
5233 3915
1608 2013
131 4474
4958 3574
2173 1605
1423 1786
4251 1212
2255 646
4006 2274
3794 5082
2647 2952
3223 1466
4229 2962
2830 4596
2909 5191
3453 3900
2362 3503
2143 4234
760 557
4379 2720
2862 93
3422 3942
345 1591
2304 4073
1629 2093
5569 3832
2572 2949
4328 4008
4260 3411
4269 3219
3910 3314
1471 2264
3447 3232
4022 4116
4368 4266
2497 1854
1791 5628
2495 5261
2 4673
4162 1168
3351 2914
258 370
3238 5331
5675 4176
1342 1869
3210 828
5139 2177
2946 418
376 61
991 2719
2749 5836
32 4800
5526 5393
4597 682
638 1202
5284 2271
4850 5246
5384 4986
492 2638
3605 1602
4777 144
4796 3316
2385 3357
2844 5375
4213 531
3490 5154
820 4269
1288 3907
4384 979
454 2441
1396 163
5948 3970
1574 5695
4620 1844
256 297
10 4614
3719 5359
2732 4003
3500 580
1719 4396
1354 759
4168 556
715 623
5679 5552
5465 5072
1579 4159
5475 5686
1476 2784
5650 1876
3791 116
4460 3365
374 2990
931 4641
5976 4373
5229 5894
4021 2330
5850 973
4309 5657
5913 3491
3963 1658
906 198
1105 586
5631 452
1146 825
285 2518
4060 5696
2263 2492
3226 2273
3084 1418
2148 4661
1162 3563
4224 4703
5309 2641
972 3765
1242 4180
155 4188
5029 1051
1929 1094
1814 3230
3736 5963
4775 355
3663 3651
4343 3294
4937 1459
5845 807
1177 4194
570 179
5164 4898
3331 5059
281 280
709 5929
956 3205
238 2443
5770 4813
1121 1319
2257 112
2952 993
5323 4381
1700 316
5069 5133
130 5286
231 4049
3638 3812
93 5174
5439 5685
4997 2947
2528 930
1043 291
4776 5995
297 3899
1055 884
654 750
2655 1726
2992 3379
199 3701
1798 4783
64 3804
5878 4983
4476 3682
1978 5716
1592 2429
2119 5989
86 4071
5457 4256
2837 5614
829 2837
3235 401
2786 1329
2430 5792
1281 4875
3650 1667
4386 1011
124 1079
4454 2114
4534 5120
3070 5085
4219 966
5607 261
1013 1248
5843 957
544 4372
5 1929
4930 5850
4651 625
291 738
1598 4514
1580 3122
5852 3677
1357 847
4567 5475
1846 986
4338 1340
4518 5156
5657 5294
3526 262
1493 3749
3026 111
234 4645
4145 3203
5416 3610
2271 5895
671 4390
3296 2403
2596 1148
4041 5308
4175 3790
746 3081
4020 1885
2254 1014
988 3453
1532 1373
4894 3612
276 1789
2234 1337
190 3345
2191 4198
3241 2803
5596 5689
4249 2631
2121 1334
1333 4110
1898 5655
3595 4005
3821 453
1023 2391
2346 1541
5584 690
3430 2887
4556 4189
483 2243
5421 4979
854 5178
3239 794
2624 4604
1343 2006
3591 421
4381 4747
3888 407
5571 2183
3206 4056
4032 3023
5096 2162
3842 2675
3852 4757
1106 1559
4565 1211
4852 2922
2370 2147
5501 221
3213 1972
1514 5601
410 614
4043 4309
1759 1236
3245 5406
2641 3953
3944 2386
2237 5859
2705 2457
2605 2651
5021 5531
610 1338
1862 5503
670 5900
4624 4229
2583 5804
1482 4332
2877 946
30 4252
1066 2191
5204 5279
283 4734
465 5575
568 2670
1366 2045
1166 4742
403 5485
1419 1545
4261 2755
1762 826
2216 3722
459 972
1971 119
5807 2994
280 5325
3327 1382
4287 2466
4736 5877
1203 806
4858 2062
3694 5259
586 4435
2552 3000
4938 7
1458 2765
1131 4456
4585 3184
5295 188
5946 5322
3128 2956
3053 285
5729 1673
2023 2925
4741 2589
3669 5300
1465 4045
2206 2751
1517 701
5244 2748
2299 584
1070 4217
2600 642
3691 5400
5566 4009
1983 2619
4066 5481
1626 4799
5445 5607
5869 2876
5637 5240
3436 4643
902 4549
4290 4702
1806 1502
3631 1678
4920 5923
5108 2246
1139 2754
5492 5932
2918 2096
2184 3571
3108 2142
4221 4823
3805 1908
5487 747
4188 589
734 2933
1868 3840
800 3650
2328 5571
778 3059
2798 746
5317 5022
5125 4138
530 5868
4800 346
5720 1641
381 2968
4742 1096
395 5522
5605 1957
5103 5344
3323 1565
5962 3066
501 1470
4398 5886
4870 2336
271 1965
