5000 5000
5000
1654 3220
2997 3363
82 4977
3331 2037
1198 2186
1096 2193
4056 274
2553 1859
2319 3461
4722 4348
3050 3237
2556 3564
3663 1381
3328 599
136 2509
3731 3006
2139 2368
3987 720
72 3010
1513 537
1633 2157
767 3217
4221 1174
4500 663
205 3516
4278 2680
2332 1833
2119 2099
3696 2285
2627 919
1190 1646
1560 1767
2805 1588
231 365
3634 276
1498 1611
1431 2322
4742 1670
1740 1262
1749 1464
4187 711
3004 3548
1536 1838
1828 1075
192 204
1811 455
245 2270
4236 89
4528 4856
938 2265
1838 1856
491 2420
661 2741
1347 2770
3368 2416
3950 32
2762 4465
810 4340
1656 37
3323 2296
2730 1534
953 272
3971 2388
2616 1351
166 2523
535 2639
2372 884
1139 2423
1523 169
3444 3370
1425 2267
1639 2918
3802 2966
174 2522
198 3960
206 3156
2967 2150
4015 2553
2097 2231
3657 4822
4226 2549
2413 2015
4428 1817
1033 1502
3641 3926
193 2486
4823 4505
4714 3088
2668 1631
3040 2062
1171 2366
1887 4523
3381 1106
856 1297
1975 3685
2044 3814
3125 4464
1304 1886
1135 503
4970 3717
4881 593
1438 4479
2439 2803
32 975
3327 3972
4443 3448
2036 4749
2883 4858
4423 3554
3947 398
515 2663
2367 788
1469 2171
2468 1778
1955 28
4295 4089
328 3076
2371 2531
525 3523
3223 3471
2089 1148
1079 4816
1443 3620
569 2858
3311 2353
4851 3383
2024 1831
2356 297
270 1529
4752 3957
2744 4672
4531 2273
4209 883
4819 2757
4435 572
2625 4529
3269 4695
4702 1625
3703 2042
3208 518
2265 2569
4979 3750
3986 729
457 1590
3155 3171
269 2195
499 2352
3712 753
2011 3635
1406 1191
3624 2402
2735 45
4125 1179
998 1162
4977 2489
2131 1620
4346 13
2726 2837
4253 2207
151 3644
1574 1273
2704 1019
4813 1749
3854 2128
1182 4671
4563 3794
1352 1090
380 4626
3586 3251
4923 168
584 4675
1837 900
4110 1291
70 286
2731 3089
580 3340
1264 709
3609 2602
1424 1849
3485 1999
1571 3481
1675 2605
3510 399
3994 1961
1413 3330
16 4884
171 3184
3162 3409
4049 1290
1326 3976
3765 1839
2653 3250
3581 43
4451 2390
2141 2849
2913 2844
2933 4823
2590 2952
1519 2305
433 48
3775 3801
1849 1177
3380 1221
4104 680
4926 4945
3806 813
1072 175
2378 4908
471 140
1087 3775
4444 3357
4508 750
823 233
3123 1201
2324 1401
271 887
2331 1813
2160 4887
1506 321
1641 512
3892 2604
185 3072
788 3410
910 2886
2203 3884
2908 4443
4317 766
431 4024
3357 277
534 1598
3910 64
1588 4430
4102 20
892 3594
2320 3768
3569 4359
3739 4666
3129 668
1817 4019
1552 3583
365 805
3140 1452
4893 2123
384 2615
4145 2383
1924 4421
4987 1793
2533 886
4511 3479
1805 2488
4886 356
2084 1558
4403 3714
4753 2051
1255 238
914 2698
3975 3805
4169 4166
2667 1715
2208 3553
4067 2911
4860 1432
489 3612
4364 3971
4985 235
1262 4954
4333 4923
2196 3961
3142 4997
3145 17
4468 3467
4666 426
4093 207
4254 4056
658 1634
3017 3875
2070 4273
324 879
3516 4593
3307 2504
1150 488
1591 338
1627 15
1269 2345
1400 2117
1710 2373
1272 3152
1572 2163
2830 3218
3204 2826
4916 2092
1426 4690
1006 412
2964 3040
944 145
3699 1711
2856 2736
1179 2822
2572 2286
2478 727
1869 84
591 2614
2442 909
1291 4189
3876 1842
2817 4959
3329 211
3690 3438
1989 4231
1275 4458
3172 448
1360 4938
4930 4207
3403 3257
3870 1116
218 2942
1137 4249
2819 1677
3478 2984
780 3122
359 2090
3815 230
1548 1282
4077 123
2645 3849
1977 3605
4533 1926
1172 3079
1345 1555
2343 2167
1589 1214
3128 3719
362 2627
2775 1231
4756 950
340 359
1115 735
4514 394
1596 1126
514 1018
2537 4331
1222 1377
2651 2631
1158 3724
1952 4148
3087 4719
4178 94
3770 4259
3325 2725
3302 4309
4667 4014
2923 3380
2946 4825
1183 4547
1368 1939
804 1322
1746 2032
617 4515
3826 3832
2368 2166
3493 39
4975 88
2507 625
1212 3440
4721 1952
1461 3599
2514 818
1899 4694
3580 345
4385 1624
1236 725
1722 638
182 1472
3920 1212
3176 3530
4135 1879
2674 3533
4390 712
2421 3528
2414 1554
3707 1240
1610 3681
2959 26
4773 3730
419 1691
2497 1587
645 1836
727 2758
2670 2735
3213 908
2402 115
4969 130
1913 335
2901 569
637 1173
2887 4936
4267 1149
1009 2430
4073 4460
1155 1748
2172 3994
4737 4246
783 3761
3508 261
678 220
3289 1917
688 1327
4772 3684
1761 4824
2212 1386
694 2281
2066 4973
2709 2391
3825 1159
2055 451
2375 395
4348 1835
960 3400
4099 4636
2040 2083
4136 983
4238 4861
1906 1265
292 4653
1357 3341
3298 4343
4344 1420
338 4669
3460 317
176 2218
1962 2303
3728 3826
393 4248
447 4087
3044 3001
4037 3896
3753 1186
2718 3923
4661 3905
4706 3196
1435 2370
1941 1000
956 4724
113 2539
4680 4111
162 3575
3091 435
4314 3967
987 4194
4713 1049
42 1964
470 2738
1529 3498
3120 1326
4656 691
2462 3529
707 855
1848 4271
3450 4678
4258 3618
2795 4571
95 4434
3488 4841
1814 3294
1998 4751
3804 1528
4017 466
3886 3499
1045 4725
1392 2346
3022 418
1313 3315
1126 54
2278 3288
2792 2947
233 4263
2065 2949
3166 2866
164 2043
243 4326
319 3613
674 1930
1521 964
3412 3224
4166 602
2111 2863
1892 2109
843 50
2 2446
837 511
4966 2349
1575 3596
4558 3871
2689 594
1826 158
4869 442
1634 151
623 2930
2632 2115
81 4117
4043 1310
2705 3924
88 1263
3253 3678
4182 2424
90 1863
616 1315
593 3812
2575 4228
1539 1444
3150 544
1342 454
1490 1789
1754 182
3249 2762
4766 4427
1114 1287
1318 427
1537 1225
4059 4552
4835 4466
3169 4962
2337 2691
2271 4463
4004 3696
2211 4307
862 4715
4088 2772
4885 2582
3242 4789
1626 380
1704 829
212 922
3250 4569
3210 1754
1147 1841
2072 2432
1756 2987
122 4197
2568 422
2226 4821
1925 2929
475 1865
1154 2662
1963 3737
3470 2246
2895 4760
954 2645
586 353
2699 2089
933 2462
450 2748
3640 331
4914 2554
1303 4987
807 1979
4952 3543
1949 4395
1988 1483
4047 3656
1834 3788
65 2635
4825 947
410 2655
3582 4002
1680 4186
3651 3227
1619 2005
774 3797
526 1460
2818 91
4227 1229
4857 1742
2167 2812
3792 1494
3173 1272
3075 2993
2144 3709
2295 2785
2297 1771
885 799
2894 303
2809 3591
4792 3751
4281 2036
3038 4022
1716 231
1206 99
4780 1365
3601 4764
1893 4328
1799 3655
1873 3095
56 1227
4790 433
4908 3080
2198 1124
2570 2679
4907 4335
429 2798
1000 3990
4803 1702
107 4000
69 300
4215 1478
4604 2068
1622 827
4223 4554
785 2071
4600 3559
139 1383
304 2552
3183 2330
4623 4570
4114 4299
3729 2196
3509 4770
1185 2475
4180 2278
494 552
918 143
1071 787
2756 639
4854 3979
1781 1712
2034 3954
237 155
2403 3359
3913 413
3055 930
2290 1753
2646 2159
3312 1759
655 3405
3016 686
2682 3992
143 715
1211 1153
3695 1546
2985 714
2857 2654
4304 3762
3018 2250
4204 2222
1645 1198
782 722
4799 3936
2023 4470
2518 3756
827 1784
1281 4827
4082 85
279 891
3653 4990
2650 3539
1246 2906
2700 346
991 3353
3999 718
1472 1572
2283 3649
4591 281
4521 1860
1590 2559
1497 4537
469 3642
999 778
4750 4422
3559 4398
1448 3417
1734 1853
2416 2699
3049 1216
467 4610
1514 4325
4470 1719
4576 70
4677 2527
1252 95
448 386
4465 651
3916 2102
2822 1630
3279 3796
4183 2981
4249 1948
4833 1246
667 4381
1419 4817
4879 183
329 1048
2186 2113
3968 141
4247 4983
2752 2245
2093 306
1499 2339
1735 2587
2090 4649
2784 2598
2000 2440
1929 2076
842 3256
669 2931
1831 2533
1692 716
1186 3909
2218 2264
1790 1579
449 2260
1935 4383
2771 2737
801 1372
899 4380
1693 47
3052 2702
4691 2045
3618 2415
732 1199
1297 3645
3718 4311
44 3298
1149 1196
2404 4032
4449 752
2162 2297
383 672
1494 1417
3491 2690
4112 2406
163 700
4440 3676
1983 2632
770 2447
2252 695
2061 1953
2886 2023
1462 3985
567 3664
721 492
2463 581
3108 3830
2376 4201
2766 988
4357 1299
2796 4483
2602 4361
3847 4922
1884 3308
34 4305
928 4797
4748 1567
4355 4284
215 4875
2340 486
3871 2835
1123 3958
4021 4073
3351 4196
1175 4664
976 2219
188 3931
4668 146
4581 925
4412 4125
3664 2746
4808 3701
4700 4153
177 690
3418 3585
1697 4181
1823 733
1483 2243
3195 2617
4853 2566
2080 4390
1652 3889
445 1439
2536 3510
2633 1078
4409 4574
2565 3366
2954 2356
1456 1418
4590 4911
2810 2170
3969 323
1541 2528
2262 4193
4362 3740
4121 1455
2346 4093
2581 3389
972 4222
610 4633
748 2687
2797 600
3085 1604
4849 344
1351 3133
2921 3135
191 1949
1526 4776
1122 4891
3262 4602
1145 4216
644 3521
1423 2363
741 1785
4556 4775
2660 2674
1265 2526
2644 4142
234 3598
1755 2902
3498 129
4156 4347
3620 3674
3185 676
4950 3571
4615 3538
4195 1097
4137 1399
3662 4919
1853 3209
1592 763
4283 1355
1076 2696
2232 2574
1287 4080
296 3016
4089 1244
749 2443
2455 4023
3694 3148
3224 1561
604 2216
3934 1346
961 3500
3791 126
4231 2647
2058 906
4909 4428
3611 456
4270 3541
853 4522
2924 4967
301 2640
391 1493
3395 3185
3741 4426
4755 2901
2540 2288
3956 4716
3874 4433
4431 2035
4214 1576
50 1043
549 3610
53 762
1847 4733
3490 1163
3068 2607
3981 1161
1294 4265
220 4232
443 3671
2188 3754
3721 3099
563 2410
404 4160
4928 1927
1038 92
3942 1549
530 2820
2773 1249
242 4095
833 360
4512 4385
430 3900
4580 3103
3540 314
1279 4785
4633 2659
386 4400
3738 2065
89 111
629 149
1969 3723
921 2646
3564 1284
673 3183
3977 2229
277 1150
2896 3235
2258 2006
2449 2074
3821 336
120 3322
3673 2061
891 3299
4286 1306
2183 936
3082 3055
1367 453
4654 1867
2628 1459
1771 2426
1586 2730
4695 4448
1821 2484
3795 3005
3501 3239
3752 1538
536 2927
800 3913
2999 802
4197 4122
670 2936
517 1086
503 499
303 2953
2638 294
273 1698
2357 4562
1440 3058
576 417
3923 2487
4709 4585
4272 1932
553 3108
3992 1226
2126 4564
4725 1085
2078 2577
1809 1021
1134 3512
4658 928
1933 2991
2352 4864
3613 4580
3877 892
334 1239
3343 3567
4360 1462
943 3921
1194 742
1637 4727
2592 4005
3266 3712
346 3638
3072 3392
3243 1350
1125 4748
4111 2238
1644 4015
3736 774
3589 3840
878 4512
2647 4175
4132 1437
1717 312
1787 1421
2063 949
1 3265
3175 526
4330 4533
3543 2701
3353 2796
2812 2133
3066 3764
3355 4459
4097 1570
2440 3552
4522 648
4492 505
3829 2908
1564 152
2871 2513
3523 1791
2005 4285
1937 1821
1573 478
3797 1252
4634 1489
3670 2328
1213 2201
1558 1716
560 2613
2749 1146
2409 419
121 24
2200 1966
2745 3368
875 4344
5000 3151
2804 1154
4232 1260
3689 528
2176 438
3211 2899
4868 2524
3474 4826
446 3791
4092 3682
4297 3275
4392 4837
731 3463
1844 4064
1544 944
1661 328
1803 1997
1545 1384
2347 373
3028 1259
2853 4203
3473 3376
3163 935
3849 2467
4662 3280
681 649
295 517
4786 3362
240 3429
4260 2107
101 858
2535 3527
441 4801
4481 2656
3867 915
1379 4070
1181 677
4578 3680
2163 2505
4321 3622
354 3110
2317 1908
1278 2733
2307 2149
3944 3150
3025 4586
3966 1164
3604 3729
4757 322
3798 4277
4575 951
4495 1563
2490 2483
917 4225
3376 1982
3823 366
3143 3371
2900 2623
2095 576
2190 2578
4763 1834
203 3420
3344 540
2880 252
4064 4006
4394 4223
2707 2498
3693 1662
389 2048
1098 4637
3789 1764
2123 1638
2275 3216
2727 2501
251 4402
64 97
15 1331
3850 2592
3308 2145
252 4059
3059 4968
2266 3778
1026 3774
1018 132
2158 786
2075 3492
1909 4411
1455 4704
1339 4576
940 814
353 150
4660 1597
513 4453
4027 245
4490 1127
4974 3606
2753 1176
4541 1488
1002 482
583 472
4973 4645
4846 2382
267 702
3346 2350
720 2806
692 4874
3305 4676
2016 4370
352 3943
156 3753
1990 615
2702 3792
2363 3697
1538 2202
3080 1412
2765 3430
3320 3332
4631 3147
3654 1714
4712 2191
4542 4350
2398 3843
2444 4743
3111 4156
808 3273
2524 4477
1341 2729
941 3398
524 87
4389 443
3649 1477
813 4188
4153 1980
25 3800
4358 1571
603 4731
2587 3799
199 2326
611 1768
1093 3842
2296 1151
3839 1457
4143 3632
1454 1906
825 287
254 4357
1665 4581
4944 3059
1031 948
870 4853
2736 739
4118 550
945 3352
1518 1709
1888 1458
664 2144
4090 3387
3597 3576
3461 2565
2386 2682
2655 1305
253 1490
1943 548
3057 3841
4216 683
2047 2217
3397 437
407 200
1312 3101
2338 3431
1739 4352
975 4550
4884 4068
2603 3828
4696 3550
4516 4888
306 3470
2268 2670
3092 229
3995 3915
73 1851
4313 959
887 3652
2683 3246
4676 989
2273 105
3567 4367
2465 1254
3814 3025
1323 224
2018 292
4527 2564
3138 3009
2611 3964
2428 2546
1243 1426
1010 655
547 2228
3723 1147
4366 4658
4943 411
1900 4261
1715 301
2889 3113
3482 2162
2664 56
2017 1139
1865 2030
3505 1688
1195 1845
915 2583
1074 4507
1950 114
2429 1844
4181 1697
744 2517
4560 3326
4192 240
3177 4260
967 873
2943 597
436 4632
1582 2379
4929 2143
3539 1337
4282 3894
2993 1113
3430 3087
4951 1610
824 3890
698 1893
758 1467
110 4415
3538 642
2082 2469
1609 861
2935 1436
1568 779
4530 4766
1210 1557
4407 424
300 1410
687 468
1146 2490
1082 3390
96 1746
2048 4800
4179 2385
1200 2056
2605 2024
79 897
3293 2014
1890 2209
4874 2708
1382 1185
2953 2105
261 4379
1493 4729
1901 1082
93 3491
2031 1167
115 1245
680 4092
3284 914
1614 3963
4747 2230
1907 595
3632 571
4664 405
3862 3000
3398 2851
1973 1792
1876 3277
3906 1120
4224 869
4778 4635
4501 4950
2289 836
2740 2298
3277 3458
739 4711
4934 119
1418 232
1553 2075
3989 210
2619 2561
390 3829
4452 4831
1778 3350
1228 3944
2952 1060
155 2459
4191 4920
4028 1184
2941 3873
3248 4862
1530 4179
790 2116
2002 2766
3952 1820
4217 284
3157 2017
1273 3689
1253 4792
3180 811
668 3311
2177 4076
1556 3993
4266 833
4105 614
2737 1787
3719 2026
647 4809
531 1892
2251 4058
2905 3035
3901 810
2138 4859
1775 876
779 640
2950 1978
2235 4640
981 546
3661 410
3455 2625
131 339
1001 1827
2191 567
600 4041
3787 3436
2548 1206
4426 621
466 4514
498 4288
4130 1329
4999 3139
562 3646
4396 161
1525 223
3701 1425
857 3426
3288 4467
3321 4872
265 3248
4124 1023
3271 1639
2434 670
3546 734
3161 2114
3938 485
350 2657
4626 703
3549 3698
4057 3475
3532 3741
1791 2004
1845 3903
3859 2276
745 2070
1327 36
2238 1941
1148 12
3522 628
3426 4762
4273 2815
4172 4524
4494 2834
4614 3391
4611 2492
1140 4109
1724 3651
1795 738
1647 986
2800 474
1762 228
1066 25
2008 2249
2304 1800
3816 1067
213 311
3527 362
4248 3525
426 2052
1237 3347
539 461
1199 2120
3974 3421
3221 1014
4561 4018
3502 4600
587 627
2381 3624
2300 3485
3079 1775
4889 3579
2349 2073
4955 1594
2807 543
1796 3977
624 854
2256 4145
3039 1391
3820 910
4998 1739
2989 1453
4296 1643
4826 2983
1288 2897
312 1117
4288 282
3760 4161
2547 1665
173 496
2423 4423
2609 3578
1916 2154
284 1438
846 2342
3370 459
4029 2110
2351 295
4789 2612
4030 1741
4890 1651
1607 535
3386 4528
1733 1054
3365 136
2315 3784
3833 1924
3043 4971
1679 1311
1636 4855
226 351
1957 3369
2335 574
3733 57
4368 912
713 2954
3925 3048
2777 4020
988 3885
2571 2208
2098 1165
1779 4074
3894 2855
1257 1937
4277 1577
964 2944
117 4377
558 2269
4026 4182
1143 538
1396 2188
2563 4318
2108 2514
3528 3955
1108 2183
4683 1109
4387 4830
381 378
2525 3027
2233 1659
2246 834
310 375
1484 80
2136 3138
1748 1045
2780 2079
3231 2616
2994 4880
3443 4492
3154 3661
3466 1804
337 404
4416 1843
3878 3483
2418 893
4264 2365
1517 3476
458 3360
3134 641
2982 1542
3872 333
4603 1605
2788 430
4794 4046
1745 2896
3560 1190
2029 2532
821 2400
1383 2325
1585 2274
1840 1881
2656 2466
4704 4527
948 1663
4206 1180
3148 3238
4069 2039
712 3870
746 1232
2223 4604
4493 2088
2227 4151
1235 3230
2859 1717
861 4353
3319 4055
172 348
4957 1728
3875 1852
317 4894
2305 377
628 2226
990 2389
255 78
4963 1931
370 3568
4798 4982
1860 3713
605 4761
1106 1989
2255 484
734 4629
2799 71
481 4386
766 1976
438 1618
1581 198
4342 4103
3541 1321
3105 1772
105 804
1824 710
4865 2535
4476 4345
4108 979
3843 2556
400 3215
3720 2642
1220 3011
138 2258
4933 4164
322 1476
579 125
1464 263
3164 1110
2199 3020
4188 1514
3 3200
2884 4224
4647 1416
2128 4067
4838 4218
2930 4697
997 2710
2003 3647
902 4167
1340 1824
4474 957
86 3711
239 1776
1870 1671
1407 124
4126 2763
3619 3102
3983 4965
2071 239
852 3488
1300 3580
4482 1967
1058 1319
2451 689
776 1058
3865 2355
4308 820
4159 2364
4995 3782
1726 2435
3191 4819
828 3592
592 3706
2443 4964
2094 1145
2549 4840
3684 4995
3762 4720
1535 2860
730 1724
2056 2011
3511 298
2891 3068
3507 2271
63 2221
3387 4624
1353 4930
4805 4382
1415 3466
2354 4333
336 2734
2505 1760
613 4558
402 1652
3766 1496
372 179
1019 108
4567 1837
61 4282
2719 3951
3648 4369
4701 3453
4543 3858
4506 2915
4290 605
3374 507
2591 1866
3622 2412
3628 2135
1365 590
4053 2242
2551 4900
2280 4128
2012 2669
3400 3077
710 4536
1063 684
1797 2794
2074 3247
1505 55
51 1850
3623 3201
3518 4838
1184 3320
2267 2965
60 2254
4497 4612
4597 4243
2545 2895
3594 1806
4141 2626
3552 832
4190 3859
4486 208
1812 789
130 4835
2976 2976
444 4471
4566 256
2841 382
1753 16
4044 1261
2686 1508
708 236
3615 3899
258 1803
1818 966
4519 2985
1244 4258
3377 4417
12 144
2433 4115
2408 369
2681 4833
342 2151
4210 662
3880 1556
985 1537
2813 2101
2459 916
2816 4961
3710 4777
3133 2683
4859 2129
428 3617
298 1448
2715 570
4769 3355
735 3813
682 1218
4659 971
4520 392
3667 516
4391 3402
175 473
2215 116
2920 2507
4599 706
2236 4548
3389 320
1595 388
924 632
570 4159
3650 1197
3754 101
4035 4306
2678 4603
2598 379
127 2998
3037 2185
966 4389
2754 4245
366 4298
3103 1295
541 2085
3922 1940
266 2176
3919 2536
1843 2999
1013 2951
2253 1130
4711 4085
4448 2
2353 3628
4117 1686
631 4480
752 3545
3557 846
1793 3205
2471 2007
4906 3625
2517 2962
1765 613
1397 3
3602 3158
3101 4904
1695 3401
1524 4172
831 3029
2390 1466
1203 4017
1151 1522
478 1134
4268 3255
2116 1674
4068 3869
4976 3658
140 4486
3042 701
980 1523
1034 2078
925 3938
4856 2629
3768 2461
327 1645
1635 309
3388 457
4818 3316
3379 4462
290 1902
4862 970
4471 4053
2360 1181
2711 692
1875 4784
4968 3722
3990 3092
4552 582
159 2164
361 2562
2872 1904
2703 250
408 3241
2509 980
1473 444
4770 1506
43 3127
3032 4065
2124 98
3574 1031
1696 773
1395 1207
1763 713
318 3882
4565 4921
4653 4707
4483 350
1330 4291
4685 3271
78 3219
4505 1899
2972 2050
3227 4475
3047 2460
3991 1107
2922 678
4343 4948
3407 1519
4185 4757
4982 3060
4777 10
221 652
1912 1676
4523 1157
2526 2198
3805 1313
2903 4847
4022 3244
49 698
3755 993
181 3807
1027 4112
4601 4836
818 4037
1270 3037
1882 254
2484 541
3026 1564
1751 2688
97 3607
276 740
4990 3765
2303 3493
3413 532
2261 29
2165 3381
1452 2034
1459 4655
4413 2224
3513 2713
3281 1353
726 2146
367 3679
490 1862
4439 694
1310 4229
1432 2544
259 3659
187 2848
1142 33
4331 4349
4410 754
4144 2027
1758 4399
4123 1215
3669 1009
1025 1883
440 3276
552 4158
209 4026
356 278
2942 2259
4730 1816
2401 3867
771 4927
4579 4712
2802 1286
1429 104
3023 72
3542 726
3410 749
2394 2354
1348 4116
2919 3677
2521 1169
993 4432
1653 2178
1109 3952
425 1815
2747 1641
633 4641
1463 244
4791 3338
717 3096
100 760
3310 441
2122 3877
4460 4652
1858 895
1878 1343
1465 4147
1376 2494
3896 1312
2370 3281
1217 2992
4484 2321
480 2069
893 3057
812 4396
2222 3989
802 1914
4031 4538
4829 249
3158 1279
1120 3123
3568 4375
2041 803
87 3207
2038 623
355 1689
4814 1182
1567 4773
287 2584
2701 822
1914 4566
1650 329
2843 1316
1248 2049
4155 1332
1997 3036
1251 112
2009 783
24 1487
3241 719
4901 4509
2437 1289
4007 4646
2798 3303
1178 269
2629 4478
3144 3063
1729 2003
3625 3965
1354 462
544 2932
1039 864
451 3916
3685 3855
1504 216
285 3720
510 22
3556 2967
2410 1615
497 661
2542 998
4207 1814
4085 1247
4636 1424
3912 342
3124 1258
1441 3412
1577 3128
646 234
3763 1521
799 4846
66 2519
2803 2959
1364 2140
1719 1081
3751 313
2210 1012
2020 1160
2898 901
2748 3742
2454 2398
3691 1707
1051 1188
571 2773
339 194
596 2306
2918 1507
2461 2456
293 1596
994 4577
2001 2476
1254 2001
1686 885
2453 4490
1015 2742
1408 4444
2666 1812
1987 2510
3702 3643
232 1171
4006 4097
3118 521
2396 2910
3429 4643
2636 1034
4315 4910
2929 3189
3086 1143
1966 4173
518 647
4103 4978
545 273
3573 2418
2734 3686
1883 2973
1053 2920
4147 1943
2865 1077
236 1065
630 1600
2560 3354
4731 2369
196 1296
797 4991
4462 2177
3350 3293
1764 1450
45 4287
4596 3535
2789 3790
85 1735
3504 1158
4640 2499
3565 4051
2757 1112
4645 1360
4589 3572
2676 2408
4606 23
1152 196
2714 3051
2569 3948
1854 3252
4345 201
2573 3278
17 4137
3976 1661
2118 2940
556 634
4461 1920
2067 3787
1451 3214
598 4297
3879 4691
4726 2358
1387 4368
4672 2477
109 2603
4617 1320
479 2768
934 2013
881 2751
850 1654
1021 1096
3644 520
2010 830
3335 756
2980 2563
4048 4031
1492 1678
229 490
1868 2210
59 3136
148 4687
1295 790
2025 3197
904 624
3526 1925
762 4045
2301 4705
4198 2409
1801 995
3431 2100
3835 133
4765 558
4058 3443
855 1071
1666 2119
2506 3600
755 3930
2578 3279
3406 2854
4649 1423
4380 2214
4564 929
3548 4732
3514 3166
3247 1786
2085 1667
3808 2619
2828 530
2897 3497
1446 3675
351 3501
3778 4565
3278 74
39 2870
2037 3503
1141 1509
4455 534
1618 1553
2179 1371
283 4437
3481 3384
41 3660
1067 542
606 1324
3813 2481
67 2540
1794 2871
2724 2957
1725 3462
2155 2885
3607 4365
869 3305
1703 1144
2102 2681
4861 4397
793 3716
4116 523
313 2317
4936 4120
1944 498
3116 2778
2716 952
700 2660
3048 1822
377 3700
3459 4807
1293 2873
4024 843
3264 4551
4736 4316
3442 1461
4759 38
2257 237
4574 1987
1632 67
1416 997
3583 1938
886 1069
4548 1251
4984 4094
420 2417
2833 1595
4309 4404
1705 2697
1070 1648
1049 3833
1915 4778
653 1848
1668 59
1640 2518
4783 824
2350 882
388 631
1784 3419
1283 4607
1225 4487
2621 1170
791 2205
320 2200
506 4594
2321 1535
1600 583
133 2862
3639 3396
4441 767
160 1362
528 1485
2778 1465
3737 4008
2050 3631
1760 2807
3097 1205
3645 3168
2438 389
1470 2786
3445 3157
4554 1513
3304 2244
2420 1419
1285 1929
699 1166
2457 1897
4122 4403
1856 2293
4176 1335
3041 4814
421 2752
3300 724
1080 2555
2051 4597
3909 3100
2242 601
4605 4627
134 821
416 1304
1830 3898
1245 3739
4538 1526
3907 402
244 1530
577 1936
4517 2199
566 3914
2446 1093
1450 4786
3635 1986
905 3358
4743 396
1308 3319
2614 5000
3744 580
2348 1137
2968 4994
4646 2067
3972 138
3828 4155
3476 1946
3132 817
654 1035
3464 1278
1728 1828
4920 1682
1587 4215
4041 1413
3857 4682
789 2377
4622 808
4804 3815
3831 1363
4080 1042
3422 2471
1798 656
2362 3153
3732 1119
1187 1788
2494 3262
1398 1616
2867 1983
4341 46
2425 659
4625 1992
2254 3284
3465 1681
2763 3364
2772 465
3647 3067
4084 2009
373 1356
2250 4545
2281 1235
2325 4918
1782 1052
1881 775
4399 1028
1325 2168
996 2327
4491 1769
1173 4852
1201 2813
280 4584
3151 1700
1409 432
2878 1580
4420 4057
473 2334
4852 828
4148 86
222 1051
1111 4308
2874 1300
3394 1905
2151 838
978 1696
3961 3693
4199 4531
1509 1204
256 1233
4100 2351
1511 2266
31 81
1205 206
4406 4170
3186 2618
2594 2723
959 644
2143 4805
2559 3137
3955 3506
968 1505
1170 1061
2879 2038
500 2633
91 3408
257 3907
2120 1358
2049 4254
2728 2008
3415 3856
4870 2753
4678 3707
772 2458
123 556
3244 368
781 1721
3771 4021
1118 3274
4924 3888
618 2077
538 4105
704 2790
607 4877
4535 4266
439 890
1447 3637
2992 2010
3936 4683
20 4952
2092 3190
4438 1314
1769 1072
4062 1622
3727 3710
3081 4283
3200 969
3074 4742
508 2864
2263 1823
701 4579
740 1076
1690 2673
3596 259
1852 1632
4569 2174
594 3186
909 2988
348 1896
1546 76
1491 851
652 283
1316 4686
36 4511
2039 3566
2733 3404
1655 1636
4165 3024
3467 4832
1449 174
2110 1243
3149 4140
2284 559
10 1407
573 2818
509 4502
895 159
901 2745
719 688
561 2234
3592 1122
3417 3557
995 4608
1918 4063
3800 18
1638 1008
3678 598
1802 782
3084 2138
1434 4072
22 1922
3683 2653
4445 1658
648 2548
363 2664
4598 4975
2708 4713
1343 973
949 1840
2617 3776
2717 4560
649 4132
3747 3630
3313 1520
1688 3823
3393 3084
3547 372
702 497
1370 330
1995 1133
4993 4482
3837 920
3933 4310
427 4595
4354 364
2302 3435
2945 4989
1663 3879
898 2428
1542 4146
3652 2434
325 604
1332 1451
179 1341
3083 2921
4679 2506
3363 271
3423 956
1706 4659
1707 1084
4670 4126
3897 1224
484 3221
315 3013
2562 1099
1250 2839
1390 2667
264 347
1974 1333
442 3839
418 154
900 2671
2585 2689
2983 3032
3844 1878
2277 1869
1231 3160
3011 2797
3665 2585
4164 2995
2006 1271
204 3129
4246 376
4553 4815
3257 1338
1958 3715
3432 4882
219 1369
3375 2677
632 4944
2938 2444
452 2817
1651 2108
4855 2650
2760 6
826 2482
2988 4681
1608 2960
2892 1524
4033 1672
1094 3399
1084 933
3187 2453
737 4993
1356 562
1576 4541
2237 4747
4529 776
660 1832
4063 3810
2909 1298
3352 4818
4555 3733
4456 4745
397 4351
3073 4358
4016 4315
2345 2784
1214 2021
778 162
4710 4781
3141 1606
3184 551
2182 2257
2877 2630
3409 325
2875 3667
4289 707
417 2468
657 4648
154 445
3939 4575
2487 3143
3070 4407
2971 2268
3793 1911
1162 1650
1233 1956
1229 4693
2951 3074
1227 1336
3222 3117
3414 3351
3239 2337
371 3901
3115 1131
2274 3455
4091 3302
281 3439
1336 2638
1458 164
333 4774
4945 539
2925 2190
4503 4702
1713 3650
1043 1968
2888 2749
364 2448
2156 1955
4001 2846
1512 4788
379 3937
2811 3887
1508 2165
1219 4933
2546 4534
168 4071
149 90
2776 3517
625 1480
2096 4004
4285 609
2612 681
463 1935
3254 2943
1475 481
3100 4893
2601 3593
1503 270
2618 4589
4351 3433
4619 3609
4120 4301
3005 4165
3832 4176
3788 1608
114 2686
1578 467
4739 645
3497 3816
3566 421
2088 3310
1774 4834
2876 792
4381 160
3868 2282
1953 4066
4046 557
4349 4493
4708 1050
643 4866
4980 954
551 3918
621 2945
2057 4810
3202 1275
435 2728
2488 3263
897 2445
2060 1944
4663 1041
1768 3336
2287 1855
2099 1984
3841 2106
3067 1349
4094 2903
3982 3090
1405 2595
4243 4546
125 221
3692 2158
1362 118
937 2375
3980 184
3326 3437
1276 4436
1980 4237
550 1268
84 2239
3112 3403
1624 1657
3340 1798
2806 637
1945 77
3252 1544
1003 3691
4681 4498
626 58
3866 1585
2746 1281
2965 1441
3421 40
186 1718
847 4901
4018 2636
1850 316
4817 1692
2164 575
3472 1389
2229 1960
3109 2994
3997 3980
3963 199
4134 2336
2786 1805
2355 2833
1292 2403
4036 1857
1996 2495
3369 1864
4005 4951
3606 4519
4242 354
1931 3208
4810 3704
4397 1965
1119 2859
2820 1637
2077 515
2912 708
3146 3827
2998 2825
3029 3062
4252 1872
1156 1087
2586 2529
1948 3734
559 1193
2053 4744
1810 3194
1979 2889
3007 4412
1321 2709
3114 1612
2380 4239
3110 1210
4498 4663
612 2393
3267 2624
4032 1342
395 744
1698 3809
3746 1683
1335 2882
4917 2601
4446 3912
656 563
2480 3026
4076 3817
970 1392
1874 4916
4025 275
3686 2821
1550 2299
4230 1228
2770 3382
1620 4765
2189 2716
142 171
1059 4264
197 4622
3817 3269
4582 1121
2641 62
4386 2946
715 1825
343 3876
211 3654
4098 3451
3853 1733
3809 1751
2137 1241
2103 2620
3666 4791
2181 447
4922 2401
3515 4337
2086 479
4741 475
1169 202
1648 63
1411 612
1555 403
4871 3902
1611 2241
2589 2371
1349 1673
1720 907
2637 4106
922 2739
4641 3283
4489 1895
4332 502
2311 2160
3192 1871
4373 2291
1533 1352
3958 1192
676 3017
2692 4038
3852 4865
2793 4033
1378 1242
3424 931
414 2978
3069 1664
248 109
2412 758
2228 3193
4610 291
3106 1517
1168 3297
2286 1470
2276 875
3882 4680
4925 4946
3362 519
3881 1779
326 1456
4745 1515
1029 2971
4430 2137
1604 2805
888 1993
1551 253
2361 3007
308 103
2966 4035
4705 3868
3065 305
486 1743
1388 4414
1286 679
1468 494
4586 1089
4938 4799
485 2387
468 1818
2767 1274
190 4391
1785 924
2225 3586
2759 2097
4262 255
1163 682
4891 1030
3401 31
1986 2380
2174 3407
3419 4135
2475 1532
2658 3935
4142 845
4638 961
4525 3268
1102 2152
3207 743
4903 2136
3095 3289
3285 1582
932 4134
2458 1781
3517 3083
1481 2989
3891 1361
4806 2672
3255 2126
3563 3504
76 3546
1570 815
335 3165
4524 1189
3903 653
1428 163
2142 2184
35 1985
2500 414
1532 759
1412 2666
2739 4468
74 3300
4219 751
3090 3595
3471 1095
4335 3018
1320 4269
2216 260
4375 4949
931 4753
2532 1884
2272 1156
80 4915
4218 1796
146 525
4328 3097
3171 4614
4751 2212
4472 2567
1487 3956
1089 3028
2175 1660
3256 3865
4616 3346
2293 4532
1384 4587
3577 1501
2835 5
4353 4914
1742 2764
3156 2251
1833 4238
2282 2558
3742 1230
4812 3555
2866 4740
4913 4590
743 2935
3799 3161
358 1882
896 357
3405 1990
3438 2894
3487 4625
1543 4088
4912 1699
4994 4130
2358 1394
4115 3290
4796 127
119 3115
2100 4090
2720 3344
3062 2213
2503 2872
3303 1373
460 809
1324 2438
3915 3444
4734 4387
3536 2086
1078 242
849 2300
537 3260
2043 1010
409 302
2836 3345
2171 4491
1216 1114
871 1016
2035 2047
4213 1108
1022 565
3089 4169
4244 2253
3945 4630
585 3760
2955 1569
2626 2717
235 984
858 2852
3930 4342
4405 4905
3818 1409
4324 4334
2489 500
4866 2124
3030 2537
1363 1055
3786 610
671 942
2534 257
238 3004
2417 2012
2845 4252
3836 852
768 3542
4621 4540
4276 3254
2981 2431
867 1758
2482 4242
1836 2025
3774 2551
4841 4195
2130 4934
18 837
1730 4330
588 4227
2940 4374
3905 1308
4361 2767
3282 911
4475 491
836 483
2541 4441
3856 2203
4587 796
4251 3769
2861 476
1691 487
2631 3863
2452 397
1993 878
3781 513
3545 2028
4384 2916
3366 2731
4019 2511
4878 2828
2958 1431
1086 4549
686 4011
505 1543
1221 4364
2881 4290
1743 2722
4255 1428
542 731
1956 2094
4318 1894
4298 807
522 1957
2659 1498
37 2304
4096 4907
2028 577
2059 3942
2336 4518
946 2575
880 4220
2365 2397
2851 1704
1946 842
2431 2313
2969 61
2722 3477
3359 3144
3332 4735
532 3947
461 1797
2538 1647
1247 3306
2333 826
1008 2593
1908 2141
1234 2283
2042 1752
2635 60
1117 177
3364 352
2407 898
543 2318
572 4439
3492 3861
272 1510
2492 83
1671 4917
3181 3969
2844 1901
1800 1393
1421 4214
3674 3770
4637 1921
1992 2941
1606 2648
4454 2869
3785 2937
4768 178
1659 52
4675 3105
1054 840
1934 3236
760 156
1857 2331
1985 1958
3349 241
1167 3042
57 2608
1290 3318
4040 2018
3226 3748
2751 2279
2366 1497
1783 4028
1191 4670
1202 2237
369 999
2323 4535
2432 1032
3656 2493
2364 1330
2738 3480
3899 190
2493 3570
1258 1799
102 315
2173 4319
1138 4974
4949 1973
1193 3324
703 243
1534 1819
4065 3176
4319 4136
865 2302
1420 3584
1355 3763
4540 1001
691 3846
3275 1589
2299 4213
263 3415
398 4488
4546 504
4941 2463
4496 3518
2852 2534
977 2465
2743 4813
4045 3446
873 1617
714 2031
2640 3146
2679 3772
1489 1607
3529 2473
2531 1874
2149 4029
3590 1777
4612 3502
1700 1907
1579 1858
4241 2883
2405 3120
3463 862
3671 205
1816 3170
2152 1238
1414 2206
1681 1603
666 1234
3745 1915
1311 1854
2327 856
1894 4721
2555 4969
2949 4300
2377 4027
3058 4525
2832 2148
1864 2743
4831 1525
3212 4619
1374 1100
4458 2280
4815 1566
4690 664
4417 3223
3294 2712
3638 938
1919 3270
2974 2982
305 918
1676 584
2021 1933
3230 2204
3127 3569
2721 1568
307 3883
167 3464
3297 4131
2166 2362
4256 4756
3416 2980
2007 4062
759 3551
4395 4296
3610 3261
663 921
2597 1745
1197 2750
1399 4198
1242 3286
1267 1015
3447 1309
4301 4292
884 1270
2194 4451
1329 3699
2932 2333
1048 1382
2961 4484
3758 3920
3484 3897
2579 4450
2501 1499
3704 1280
4718 3666
3888 4860
2392 2634
3136 1152
4398 3174
2583 2091
1750 428
394 4052
1738 1898
178 4235
830 564
1480 3047
1132 1705
3274 3234
3064 2777
2269 1802
3027 248
3056 3662
1712 4557
4779 2695
30 4230
3220 4445
2422 2323
2671 1713
4900 3561
4983 2451
2706 82
2334 1694
4732 985
979 2727
4072 134
751 3375
4749 585
4719 3295
1209 2706
4655 730
1947 835
38 2360
4450 2307
2312 2838
1319 1970
4234 3478
3777 721
4607 1064
635 4605
27 1408
2161 4200
2393 2372
483 3132
2132 3169
4609 4890
2495 531
4703 1640
4393 1256
2153 1511
1069 4618
3165 4553
3924 2142
3534 3694
302 1575
3965 4338
180 3908
650 434
1682 1761
2247 2776
1920 4317
2192 1025
3245 1203
4050 310
2827 2314
3575 2824
4265 2374
3219 4327
1377 4708
724 8
803 2606
4630 945
809 2571
2947 1527
1346 2879
4436 772
1130 1323
3598 1910
2741 2232
4883 4272
3616 1283
3454 963
864 4354
3475 337
2496 3672
1486 3968
2279 2153
984 1267
401 2118
4157 4499
227 1454
2193 122
3433 4620
986 3941
1040 1890
4832 1690
4518 4424
3367 1562
4629 1731
1358 1013
2840 3783
2513 974
4781 1750
2288 4212
2613 4650
4365 1807
3706 4601
1127 4339
3767 265
1886 2082
2672 4324
642 4119
202 1340
2498 4474
150 3211
3280 3428
4008 1403
3060 4806
1430 2450
4146 4779
4020 4030
2675 4906
4764 1626
1613 1277
3962 2457
3122 545
1951 4521
3679 1635
1584 3111
3408 3163
1905 2925
4785 4722
2665 3041
4152 2192
344 2427
4774 191
3572 3786
2406 2809
2530 3822
2842 1551
4958 458
3525 1734
3512 3145
651 868
3462 4924
963 2096
1773 3199
2934 4001
4042 267
2170 2928
1445 2173
815 1790
2648 2678
2783 4183
282 4985
106 2543
4692 1415
4740 495
3807 4257
2445 509
3715 1357
104 406
3959 4446
806 4976
5 3906
738 393
4504 1217
919 165
677 153
3196 4086
3633 1209
1196 2139
375 390
3810 666
4887 1063
936 4455
2140 2016
2306 3611
1621 4867
4167 2831
3206 1552
3098 2361
1030 3164
511 1829
1752 2455
1305 4767
3197 2344
4478 3623
1437 1900
3360 3317
4320 4418
3709 4728
575 4543
1839 2693
1124 192
597 371
1095 2643
546 3411
1315 4405
3268 1250
595 4226
4674 4709
1157 3253
1350 508
1260 967
2121 1285
2195 51
696 1202
4171 450
4228 4582
1891 3030
3605 4873
2723 1811
2033 2719
817 926
1478 3519
2596 4868
733 2665
1427 383
1643 3264
1723 3668
2685 3755
2147 79
4830 374
2755 4795
4245 4124
3315 4583
1872 1722
3347 630
775 4935
4299 3180
2543 4750
2962 2924
4954 4100
796 2972
4101 2127
2764 470
2610 1975
169 185
152 2404
3286 415
488 2240
3272 2782
1507 4730
1266 1400
1495 1390
1557 340
4873 2103
2622 4091
422 1629
2511 4469
4959 793
848 2041
3984 3505
1417 137
2996 2452
2249 1222
4479 1037
1540 358
1041 1074
1829 3365
3215 14
3668 4578
124 1405
3440 4425
4665 536
3021 3953
487 2189
2291 3982
4388 757
3203 1255
1386 943
2544 976
4927 1445
2330 3126
2220 2441
2948 1168
3848 798
55 4981
1436 1138
1744 27
3887 3531
1677 3121
3273 4143
4376 110
3121 463
619 2779
1923 4303
184 3590
3750 2233
838 4925
3931 2066
1385 549
3428 923
1827 606
2481 2788
568 4152
2109 4378
3096 4956
2957 4984
1068 1623
3330 4129
3570 2020
4545 3834
26 367
2184 3973
608 1847
4962 2878
983 506
3361 4754
1559 2316
1403 2891
4453 1105
4418 1088
4323 3692
1488 1504
4673 3640
4499 3179
3783 2884
4150 2560
2696 4163
8 3508
2661 2609
4194 142
1841 654
2595 4069
1334 674
1565 697
360 2550
1207 2225
4898 2064
872 4685
4311 2287
4738 1649
1670 2842
2241 791
4697 4384
1871 3039
3682 2479
3883 2147
21 2890
4573 3616
2205 1348
757 3202
3494 2977
1921 1006
3457 2754
1972 197
4106 4700
1851 2121
882 65
1747 1756
2652 4314
4735 2649
1144 3526
4547 3749
2869 4737
3630 4851
2344 3333
376 3975
275 2781
4744 3819
4802 3780
3551 2290
1863 93
3182 69
4537 3767
4842 3513
753 992
816 409
62 3043
2030 2841
3229 1223
3824 3465
4931 2865
200 2857
4761 2968
2399 2893
1471 1294
1777 446
2464 2308
3334 2520
1044 1194
939 554
4070 785
4083 3149
1984 1918
4911 3331
4895 1468
3780 2054
4415 264
230 3140
1938 407
4237 3934
4291 2545
1788 978
1105 1057
2917 4108
1215 258
2467 2294
1708 2861
1232 4790
3717 3267
3008 2525
189 1385
3046 1680
2419 2829
3948 3601
2680 3558
4863 2705
3053 4256
2523 946
415 3178
784 1621
382 4123
2314 3229
3291 1132
29 4871
2694 3688
2499 1706
2688 937
2159 2256
3034 4355
4707 1873
3688 2378
1531 3334
684 319
4724 4192
423 3427
2113 857
2846 3866
4128 4096
286 2795
4624 4701
962 3014
4699 2319
3178 4988
3287 704
2294 1022
1394 2095
3439 2594
4793 1977
3496 296
1815 2774
4642 3727
4002 1573
260 4662
3890 4899
3342 4016
3885 1481
4003 4177
3015 4408
2313 4783
1460 859
2916 3240
2234 896
4322 4187
1116 1794
1337 2053
520 1024
477 2714
2430 4769
4978 871
502 657
3480 849
1727 1026
3873 1592
1910 982
4170 3172
1968 266
1623 2312
4961 41
2204 4828
2485 1539
3801 4520
3553 1950
1721 2760
1081 3891
1561 4895
1404 1387
385 117
4149 2470
4071 2111
1631 4174
3895 4500
1711 1136
2154 1644
3561 370
2213 3726
2899 299
3636 934
2106 4763
3911 3534
2882 1364
4992 1301
2341 1446
1090 4162
2847 3304
3263 68
3756 1219
1549 1732
3448 4262
4457 1531
3612 2058
1780 4892
1767 1729
3845 173
157 3987
1601 1422
1978 741
4052 4099
697 1411
1660 1653
3970 4413
2146 4508
523 3204
3236 4049
4847 3759
1128 771
4880 3928
2926 2155
2385 4373
1792 1492
4158 1140
3834 894
3456 3917
1375 812
602 3422
405 4
2600 2628
3819 1574
2397 4665
112 2847
3749 4759
2826 3212
3235 806
2391 2055
929 2084
2710 2347
462 2130
1113 2661
1064 4406
217 1512
4562 3962
4340 1491
1702 4958
33 3245
1598 4360
3420 533
982 660
3119 2816
4487 1070
3345 3560
11 2830
2785 4844
4326 343
1361 1550
3643 1469
675 3838
4848 2658
639 4003
1896 4542
2825 4295
1877 49
4746 135
183 737
3402 4539
4821 3880
4352 888
4203 226
4513 2765
3378 4876
4888 2478
4648 1744
2634 2002
1804 4279
2580 1928
4200 3490
2669 4409
3506 3425
228 3003
2134 3736
1136 2881
4327 1395
2359 3929
3855 3663
750 1187
4720 391
672 355
4316 4204
1930 3619
4628 2512
4904 460
2326 578
3708 2898
368 3577
432 2156
1344 212
4222 4461
2984 4219
3495 2755
3904 2255
3593 4839
1263 1368
4657 4419
4882 3052
1174 3573
1261 764
521 384
1689 2808
3194 2581
14 927
3078 3732
4284 4042
3884 4798
957 4869
4095 1951
4127 4902
974 3134
1338 3904
1940 1545
794 3922
4875 3106
2725 1846
4867 1380
2987 2161
2576 2516
4940 439
2939 21
4280 2059
3404 225
920 2597
4459 2359
2046 880
845 1056
4682 1292
4370 2823
3521 139
725 3556
1014 2979
330 4388
4754 1903
3900 3793
4834 3683
456 1619
1331 4048
1373 1318
1757 3386
1603 3695
1965 4718
4942 2227
3225 4275
1808 4599
496 3925
1566 1913
4762 3824
4728 1726
3761 620
2750 2248
665 4044
2187 1128
1256 4714
2083 4898
4168 4154
116 2850
3722 2433
2732 4843
374 3356
2087 2376
2322 4772
2244 1947
4202 2969
4469 2275
2114 1293
2986 761
1789 1763
4175 2367
951 1609
4240 324
4427 4617
4300 4703
3358 4107
378 636
859 4615
2054 4393
4211 2832
4964 1912
2838 2827
3637 1375
424 3012
1594 3021
2329 2950
1065 3022
2169 4184
2693 3878
1097 3544
1177 1339
889 2405
2729 1098
1322 2236
2022 618
3468 3988
4074 3394
4408 3078
2374 4429
4294 4943
2239 588
3107 2348
2515 218
3591 2876
4971 4592
3500 4363
3301 2419
4061 1005
533 1601
614 4496
1036 1684
1032 1503
3714 2576
4894 3377
3940 1236
4910 279
2863 4996
3033 1237
1709 3874
4054 4941
4689 1773
1133 1783
834 2502
1442 3432
1302 4886
1846 665
289 3582
3436 307
1683 1027
3372 746
345 4506
2623 4366
1085 3893
1103 3808
3392 3397
58 2909
3846 2579
1759 4034
3051 1442
4688 3940
564 1560
4539 2675
4138 3746
3863 4503
578 3831
742 4039
4694 385
2148 3509
247 3844
636 685
3299 2933
4845 1079
1687 19
1274 1613
4086 4346
2657 1434
4918 4268
4807 4286
4836 3818
811 1378
1075 166
1240 4812
1737 4966
4442 4940
795 1770
3469 4572
540 2934
1926 2310
554 2220
2019 2600
3160 3974
1806 3337
4956 622
2388 765
224 1303
147 2732
4271 1909
4965 2874
1630 1723
1593 2292
3024 121
3978 1766
3031 217
2032 4127
3356 3173
907 3125
973 4394
4356 1471
2577 3848
3973 3608
1371 3872
4507 2880
3427 1971
2112 464
2654 4280
3660 996
4919 4144
357 3950
1333 4706
4010 3213
930 4998
2574 1593
519 889
7 3071
13 596
474 2907
3902 3301
3238 587
589 107
3354 4942
1646 2436
2529 449
4422 3514
1317 2381
4250 1916
1230 1430
4800 4913
1667 4699
2145 4970
1642 2771
2978 2541
2850 1266
1050 1565
1649 3056
620 3562
4643 940
4824 3307
1474 899
4758 2836
1189 3258
2697 1257
1401 1435
1444 4025
4989 3669
851 4211
906 795
262 2917
1999 176
3152 3997
3838 2131
4858 1092
4312 3731
411 1213
1055 2411
4905 4078
1389 4820
1911 341
459 2396
331 2515
1922 4082
4947 4075
4608 777
3531 2747
709 4281
2970 2789
2202 44
1393 1123
1889 2262
4618 4679
590 1547
3772 4304
2834 3837
3779 1725
3014 1017
2384 2538
2079 4516
3776 2744
4932 2449
1527 1602
1927 4912
3147 3690
4239 2990
3537 3473
75 2087
947 2057
1306 2122
1583 529
246 1111
2642 1482
3629 607
903 2080
1023 755
507 148
2316 958
434 553
3019 3991
2911 4060
3937 1720
1657 1757
2914 4677
3519 1135
3769 2421
92 769
3477 4780
927 991
132 2480
3336 2386
969 3372
1772 3459
2470 3124
3943 1053
1259 1183
1301 4616
2907 1443
890 1755
1485 2247
1159 4276
3199 1083
309 3154
679 699
1859 3044
4287 4544
3993 4234
1299 1614
1380 477
1942 2357
3790 2685
3348 2497
1599 3008
4259 349
4279 1484
3458 1540
1597 2668
1766 247
1164 2261
1741 188
761 3045
1897 2040
3964 3159
3803 2503
4087 4138
685 4104
4485 3886
992 794
1188 4313
2904 4752
581 2711
1017 2485
4013 1703
4544 2775
3680 2588
2382 2905
4447 3798
68 469
2604 4079
3869 2211
1052 1379
2893 2407
4337 3335
3782 1038
4467 4278
3858 1253
2558 1414
4133 3094
555 3155
4336 2508
2456 1325
4488 1541
2415 2194
94 251
3093 3413
1954 4497
3316 2787
4797 1969
3757 4077
2567 3806
2624 592
3700 3015
2504 4101
454 387
4828 2187
1967 471
1580 2938
3554 3456
3677 4362
2201 1200
332 131
2104 603
2519 955
103 53
4684 181
1885 3226
2774 4171
4339 4929
129 3069
1271 2332
3139 4803
4892 3547
4404 1994
2115 280
2411 327
1366 865
777 332
495 3785
622 941
3998 3621
1165 2414
2309 4696
1605 1656
2479 3414
1047 1675
165 4485
1832 848
118 4842
3216 2309
1402 1155
736 381
1662 4808
2474 4168
4374 4674
2539 1655
2026 2315
3341 717
2960 2252
3261 4341
4437 3167
1813 3804
883 1995
2448 514
3174 2125
4378 4510
3646 3614
3434 2610
145 3633
1112 1402
250 870
1226 902
201 917
135 3959
1020 4793
2758 4270
4371 4885
3324 3845
2062 568
3486 4794
3489 489
294 579
3071 2904
216 4233
3126 1427
2902 4883
4948 4202
3258 696
492 2596
161 4738
3860 3735
208 3423
2557 2060
2823 913
4953 1988
321 1923
465 172
2285 2570
1562 4787
615 4972
1467 3114
4593 3511
3339 1066
403 1080
396 2338
4302 510
4307 650
3928 2029
1855 1059
3214 3075
574 1068
2185 1669
3562 2970
3314 1178
2873 4454
2787 3825
844 1774
4844 3932
2687 3406
4066 3141
1005 96
3725 673
482 1963
2588 3881
4055 850
4632 480
144 3495
3759 3472
6 2474
2599 962
4946 290
3927 2392
347 626
2516 839
2447 4392
2584 3474
1012 4980
3035 2311
1616 3468
2522 3116
3917 2684
854 2399
3926 4563
4839 4931
2956 2277
1895 2914
2424 219
1121 2641
2389 4217
641 2197
3228 3626
1694 3949
278 3745
1991 4811
4162 608
1628 2974
3724 1094
3889 4667
501 748
792 4928
2910 3484
1077 4657
1786 3771
4534 2721
99 1141
40 3634
4981 4755
4131 3349
3603 3061
952 732
3550 2814
3533 1826
4369 246
2695 1208
1617 3309
1699 2923
1410 289
3076 1877
126 4274
3209 4621
1422 629
2477 3522
3260 2724
913 2022
1718 2599
1528 2843
1964 3536
1239 1876
3578 4040
4620 819
3384 4688
4795 2454
1674 4081
3385 784
3861 3206
3979 932
4173 3945
1685 3983
2117 2491
4693 3109
3441 2922
3951 2320
4129 524
2318 1868
2379 1801
299 2442
4201 1486
4023 4768
1547 4440
1223 4118
1602 1248
3088 3537
2927 1687
1898 3927
4060 2589
2520 4376
4592 3777
3864 547
3600 825
1433 3314
2791 667
2814 3112
4716 4401
4559 4723
3681 2295
4424 268
787 4054
1088 4083
4570 3325
2808 3192
4594 193
2076 4133
2133 2637
4421 73
1563 293
2566 4561
764 4631
3131 2867
971 2413
2387 3860
241 3162
2259 1737
4292 3540
3309 120
1982 3703
3198 363
1160 1668
4411 960
4822 3385
2691 3802
2782 1142
3077 2802
4011 3107
4433 2500
1822 643
4960 2996
1092 3031
4151 2644
158 262
2310 3670
958 4504
2491 4689
2868 1942
1522 4953
1970 4457
4515 3507
2373 106
4 1972
4939 4010
1819 4845
2015 4442
4935 3821
4113 3081
249 186
2673 872
4377 3038
1007 2939
1161 781
28 2223
3735 1736
3796 2169
798 1091
1284 2284
2472 7
387 4247
4698 4438
3006 209
2839 4178
4771 1479
2606 2568
4012 3970
1056 2437
4727 4452
1289 1495
48 2272
2383 4726
4229 3773
4186 3836
3137 2215
2677 4013
2127 1269
1016 1376
4671 2961
4257 2429
1042 3291
4897 3210
1496 2521
3713 285
3390 3082
4996 847
2848 3085
1776 3708
19 4416
2885 4668
2483 3999
2157 4084
3317 863
866 3811
2052 3073
2264 1581
3655 4963
3988 3023
1061 4741
1904 4513
4039 2997
1180 1388
3584 4889
2564 3986
2937 745
2870 4739
3716 3820
2460 3565
3608 2394
1083 3486
3898 3249
4081 4456
1280 3981
4937 1020
3985 1334
4009 4320
268 2611
3259 2098
9 1889
141 4638
3483 586
4414 2792
1615 705
4568 3374
4840 3641
1218 3603
2990 867
311 4495
2260 800
3094 1765
747 1762
4585 2963
4193 2804
2915 2888
2168 1888
2854 1307
4526 2590
1669 1591
3135 4782
1391 3758
1479 4476
3130 3388
1932 361
1439 3602
195 3195
1807 2072
4225 1996
3270 4556
4275 401
288 4489
3205 308
3167 2761
4509 4329
4876 3343
1917 1809
214 3728
705 3066
2107 4857
3373 693
1192 128
3827 2718
4650 3757
3929 3395
4274 4206
3743 3434
638 3460
3251 3549
2649 195
2209 2580
1381 728
2206 3312
3642 2840
1625 3441
3921 2853
3001 2800
2245 1599
2178 1440
4760 3532
77 4007
128 2439
3337 4613
3318 3615
3740 2181
3842 1073
2298 1036
4776 1033
316 2104
923 3416
4463 3191
4775 4555
4967 215
4306 2759
3530 990
814 1959
1011 1129
3159 671
137 102
3179 4205
1731 4293
1672 1974
4000 3597
1861 566
2944 2019
3054 147
989 1782
3190 1666
3233 4656
52 42
3675 4734
392 658
4827 326
1277 3231
4303 66
464 3187
2906 4986
4902 4896
1100 4932
3003 3104
3520 3232
2991 1397
2219 1981
4075 3627
3002 1046
2068 4903
493 1701
3908 3995
108 4771
2849 987
1612 1695
3893 3424
3396 4878
291 2715
2270 3648
3446 2235
722 2740
2150 113
2476 4999
1476 860
4263 3053
4502 4758
908 1628
763 1627
3013 4208
4269 304
754 770
2821 1002
599 2179
412 4591
98 981
3009 3998
1104 1447
3168 816
2014 2496
3726 2530
54 3378
3812 4849
3000 1578
3954 1708
3435 4957
323 1962
1298 3292
3217 429
4571 4955
3544 801
2662 1740
2790 3454
3996 1548
2436 3228
935 905
4212 1433
1101 3266
3425 3449
3170 723
4429 1328
3452 4102
3595 589
2243 2912
4119 420
4419 3367
1516 968
2125 877
1372 4199
773 4746
2639 1891
756 1583
2073 3653
718 1875
728 4559
3626 2586
2550 2329
3479 1302
3748 2395
529 2700
1820 1062
3338 635
786 2810
1241 34
1477 1103
3658 977
3296 1276
1500 1887
2713 4098
3555 831
4338 823
2508 4717
2435 4651
3851 4209
3784 4598
476 4043
2931 1366
950 1584
4466 3445
4801 2180
769 3587
4382 4185
2608 4897
3295 4312
406 3496
4613 4611
527 2720
4325 4647
2554 3892
3322 1474
4383 4302
3535 4804
1060 3910
4205 203
274 4110
341 3093
1024 2263
4432 3939
1166 1029
1678 1047
4850 939
868 2780
3020 522
894 1359
2248 2301
4991 2651
1296 4139
1961 1317
557 4796
693 3064
413 501
2224 3895
942 2557
1959 4036
4687 4449
2890 4336
1028 2676
4652 3795
4583 881
1629 35
3676 3457
3614 2572
3283 4623
2963 4692
4787 4854
695 616
2081 3373
1369 2892
1976 3019
297 3329
3234 4323
4401 3049
1939 3361
2643 100
2855 2975
2473 1429
453 611
3953 213
627 2799
2308 1880
3811 3177
4997 4634
83 2093
1129 844
2864 1830
4334 904
3153 4114
4220 4180
841 2694
207 3070
877 436
3382 2324
1453 3119
2607 3482
3734 4061
1879 3862
1249 3781
1732 3589
1204 1885
839 2875
3588 1945
1282 2132
2221 4294
210 1533
874 2793
2101 2707
4915 4420
4532 3033
2781 4113
965 4121
4208 2341
4733 2547
912 972
3621 3342
472 1175
3773 1367
3232 4221
1328 4371
3941 2425
3399 1370
2769 3515
819 853
3102 3747
4359 3725
822 1870
2339 3657
1309 318
437 1195
1502 3588
2552 3705
3036 3285
3290 3203
2630 2573
2427 4472
3012 3854
3946 2000
4921 4829
690 3393
4189 2340
170 1396
4261 4802
1701 1861
2369 573
2129 2343
1960 2652
1073 4661
3840 1693
225 3738
1673 3673
2761 1104
2450 4710
879 3487
4627 633
4350 3857
4864 3328
2698 4639
955 4573
3449 2704
1515 4926
4651 3864
4788 3296
659 1727
3659 1288
4588 3259
4402 187
4972 2919
2977 3086
634 3313
4163 797
3687 3563
2013 9
4639 1919
314 1039
835 4736
2486 1449
46 841
455 3581
2214 687
2502 2033
71 4250
4549 1004
3579 3718
512 3321
3451 675
3932 2175
2928 3520
3218 4410
2217 2955
3576 1463
1994 2134
3957 3442
1520 1954
4644 1685
582 30
3631 4253
2426 1586
3292 2044
1903 903
1046 3752
609 3629
3822 2811
4363 4881
4584 1710
1238 4606
4557 3779
4988 4642
4477 2422
3113 2703
3967 4530
1359 334
1307 1747
2240 2081
911 1
820 1211
4196 1007
1457 2289
3794 2900
3711 1003
765 4332
3383 4937
548 4960
2561 1118
1482 4435
2779 4628
3063 2621
4686 3524
3960 3175
1825 1345
1862 2845
1981 493
3189 1795
4782 3225
1658 591
4809 1011
4872 1473
4347 4568
2091 2958
1314 2063
4816 452
3437 866
662 1810
2045 440
2510 3851
1466 3850
4372 4236
729 1516
840 2819
4669 2801
4843 3911
2292 431
565 4210
4729 3996
832 400
3698 425
4434 1730
4550 4190
3599 3447
4577 1101
1554 4909
2469 1125
3099 747
4235 1642
1902 2726
3585 416
4174 4047
4078 1347
4464 2384
3949 1633
4154 2692
1035 669
2936 3046
3705 2756
4717 3379
1770 2856
2528 1040
3672 1398
3453 4267
2794 4673
4899 1102
2180 2112
4107 1406
2207 2783
1091 2542
4305 3002
2395 227
1714 4588
2829 4698
683 3034
2979 170
2593 1115
1062 3098
516 3054
1004 780
4877 4191
1835 2335
4767 1536
2582 1780
4536 222
2069 2622
4473 2591
399 965
3411 423
153 1264
1268 2877
2684 3852
2197 4654
1866 3091
2862 4255
2230 2868
2441 4447
4233 3348
2995 3287
2135 4431
4329 3182
3061 3272
2712 1044
4161 3494
3117 2887
4986 3242
601 3233
4602 2986
3935 1172
2342 4526
3587 4939
194 555
4837 3946
3503 527
2768 408
2620 4947
3697 1559
1176 4322
4367 4992
1099 1500
3333 2956
4723 4848
4109 560
2466 3636
1107 4979
2858 4240
860 288
4160 4149
3276 4644
3104 953
3914 4241
4595 4157
3010 768
723 1344
4551 3418
3499 619
2027 2948
2615 4372
3265 1934
4811 2046
3201 617
805 167
1153 3222
4820 2172
4051 3198
2400 561
2527 4473
2512 3574
2975 646
2328 1518
1510 4517
4572 4244
3524 4009
4079 3450
926 3847
3617 1475
4896 2791
1037 1808
4177 2464
3371 3803
1224 3452
2801 214
4379 4012
3391 2472
3188 2182
2742 157
4635 2769
863 3919
3240 874
1928 3118
2690 3489
1971 3181
4425 994
829 3687
916 4289
689 4321
4034 3766
1880 189
3627 2926
3571 3339
876 3978
711 4251
2837 3853
3918 3323
4293 180
1736 3065
3764 11
2831 3142
349 3721
1131 3665
111 4481
4715 4660
3730 4356
1664 3469
2105 1354
223 4050
1936 3984
1684 3243
47 4150
4184 736
2824 1991
3830 2964
1110 1404
1867 1220
4310 3639
4140 4596
2663 4494
3193 3604
4038 3744
2860 4870
504 4863
706 3702
4784 4609
1057 3282
2231 2913
4510 75
4139 4141
1569 1738
640 3130
2064 4567
1501 4850
4400 1374
23 3050
716 4684
1842 4879
3558 3743
1208 3131
3246 1679
3045 3188
3306 1998
2004 4501
2815 3327
3237 3966
4480 3789
2973 3933
4014 3835
