6000 100
1454
2927 4627
61 1253
2590 79
3993 4799
4003 2350
4506 2073
1756 87
2811 4821
3635 1352
3368 4832
4171 4156
1658 2618
2155 4227
1391 3157
4204 2282
4385 1546
1366 3796
973 744
2656 4337
1944 4454
2839 3287
2621 1595
4262 2406
4042 2020
2999 2608
1732 4134
2137 385
3823 4245
1851 651
4475 4100
696 669
4411 286
3483 829
4464 2388
1596 3556
4549 999
219 2729
2900 601
3781 4976
3338 3039
782 4684
2902 386
3150 698
1295 1823
4774 2545
1767 1107
3020 2255
3826 4354
4125 2677
2868 674
2531 1654
4938 4316
3300 2271
339 3689
1484 594
847 110
2995 1054
4252 1800
1744 4467
2367 4676
1307 1187
753 2945
2695 1711
2472 861
3757 2202
210 4292
1401 3534
251 4595
4016 3574
2176 841
1162 4076
4380 1831
421 1812
2052 2858
1874 2097
559 1335
1340 1031
1432 4797
2208 1558
3354 2107
4930 4027
2584 1108
1897 1156
1141 3590
3865 369
3429 1019
4879 4078
586 1234
17 225
3498 1056
242 885
2780 3433
4347 2726
1492 842
598 38
3989 1001
3269 4207
518 1864
3883 353
336 4893
2184 3758
2591 4677
1395 4117
4271 1635
4723 4796
1 4803
1034 3605
308 1167
1036 1850
1957 4458
3374 3405
103 345
3484 3615
836 3948
2665 898
494 1251
1839 1332
3003 384
2408 4573
287 3668
2446 4358
1938 3070
734 1122
1612 203
650 514
4814 4194
4694 4339
3771 4040
1947 2034
2968 1612
4419 4268
2655 1307
924 2303
706 1974
3369 1437
2246 4338
1669 2666
4061 2329
145 4739
1689 1615
975 217
1630 1400
4479 3295
1448 4804
40 4820
2912 3981
2803 198
749 1094
276 285
150 1366
2265 671
660 3853
4023 3698
1583 316
3773 3337
700 2003
2931 3072
1891 2811
3145 193
1889 2480
1293 4287
1597 2865
4633 3048
1645 4640
3585 4791
3049 2100
2021 4537
1135 99
2038 2412
4896 922
4658 328
1390 2622
4701 3655
667 2660
1734 3238
2891 1790
4621 2321
4481 2793
366 3607
2998 3877
3432 3306
4532 417
2787 3482
1385 397
4423 1371
3203 1607
922 2194
3799 3190
4153 610
2099 731
3184 1006
1548 1168
157 86
4655 2625
1818 1819
956 793
1906 3386
806 2626
24 3656
252 2145
1396 2541
3716 705
4407 3572
952 4839
4065 3122
561 3582
3905 3805
620 663
3882 2452
266 1939
364 774
2606 1719
1095 436
4636 1242
1300 310
4081 176
3411 280
3461 2867
4857 706
3443 1501
3631 1072
1564 1076
1422 140
2528 3317
1559 2977
2407 860
1048 4961
520 2756
3297 432
3592 2137
882 4837
2619 3868
3435 1144
601 415
447 4438
3618 4178
1426 1192
3943 3408
2015 47
1382 2649
694 4326
4818 2752
4501 1657
2562 4513
1140 767
3377 3926
3796 605
3954 4331
736 1734
588 2578
1116 3931
3499 560
1205 1623
2251 366
1713 2685
296 4579
1216 3257
3116 4427
1028 2148
3302 3076
548 4534
2258 2526
4155 2843
539 2511
2719 2804
3853 2883
3090 2782
1902 291
1986 1081
5 269
4460 4440
4661 880
3698 2869
2522 4580
2510 4641
3329 1026
3183 447
4318 2196
4976 1796
1802 77
3682 4498
4473 4021
2667 4577
1275 4589
353 1148
2581 220
2696 1765
305 1049
1244 2315
3450 4018
2228 894
4676 2358
3727 3340
4697 4935
4337 4034
2942 1096
2953 1815
2692 2942
2981 3135
1393 1089
4865 282
1848 1900
2046 2720
3856 194
1475 4889
2122 835
2308 1592
2348 1478
4518 4476
3268 106
1483 4010
3684 4371
1814 1551
2816 4346
1067 1851
4384 1577
445 1110
13 2807
165 4429
137 3056
2764 9
1230 1126
2275 4746
4330 4400
2560 4642
4095 961
3488 622
3211 2060
1292 390
530 471
4283 2647
1895 1927
1497 553
2712 1140
2883 2301
1447 3535
512 1310
4168 4302
4605 411
3275 1712
115 130
1267 1820
1498 2931
3654 1383
517 3811
342 3997
1608 3930
4144 2015
624 1231
570 1302
963 90
1490 2007
3424 4050
4117 3576
3887 2064
3462 2090
75 3196
599 3247
4399 4708
3981 2872
521 4798
2732 1409
4547 4182
4213 4836
3479 4315
844 3176
1519 3565
2135 2486
3908 3867
615 153
3624 4042
2470 3621
1429 3902
3361 935
686 3121
4436 960
1931 3005
126 2835
194 3234
2117 3235
3259 2789
2482 900
160 272
4067 3274
4969 2795
538 266
1071 1805
2622 4101
392 2084
1662 2844
2172 2473
2387 3936
1277 1125
1881 2180
3965 4297
4802 3217
2882 1002
1226 4954
177 2310
4606 4945
2445 178
4149 1263
919 2800
549 4717
4285 463
4108 2101
885 3372
3857 1363
4704 2916
795 3703
2682 315
974 3426
1087 239
3445 787
2439 3727
49 1221
2298 4419
3681 275
2650 2939
3565 3631
2394 2929
1298 1846
655 2427
2896 2224
1280 3847
2960 1976
2587 4982
1481 4365
1247 141
2454 1525
810 888
1131 2508
2745 1748
4040 4592
3111 1046
4489 3475
716 2509
1951 3456
175 4800
4646 3996
1510 3593
78 89
2010 1456
1436 3724
1821 799
1860 4817
1379 4679
3917 4189
2904 4171
2654 4160
798 1053
3099 1664
4317 1652
2189 2372
3591 3307
4743 3489
46 800
3922 2051
4009 1399
1791 3773
2108 96
2264 1095
2642 1536
789 1986
502 1768
2269 3415
1609 2016
1930 2949
2111 2824
2505 3312
3912 4270
2860 2727
3107 1210
643 1825
3542 2160
1453 4077
2627 3256
767 1098
867 4944
2804 511
3487 3933
3401 569
832 3899
1504 1816
707 309
2852 4444
4582 759
1438 581
4654 867
1654 1809
1820 4726
579 2492
4789 1048
739 1743
139 2731
304 3553
74 3500
3994 1662
4805 1448
1237 4718
4737 2579
3653 4108
1191 4241
1800 1609
3133 1045
2071 2237
1430 2633
212 2052
2467 561
754 4576
2915 1940
1698 3573
3707 3178
4991 2423
335 2080
2810 2506
422 2828
332 37
2568 4193
2828 3666
3859 1042
3345 2265
1709 3816
953 3633
2703 3596
3201 4706
181 1766
743 3086
645 2112
4132 1067
2633 1746
3830 2125
416 4446
409 2039
1678 2165
2219 254
1428 1603
4996 2104
4254 1597
21 1037
1001 3431
4691 4547
360 3676
2158 1969
3208 2732
3359 3507
111 4523
1123 577
3489 1998
3437 3407
4236 293
2830 314
2271 3532
4942 1762
641 205
1090 483
1437 1721
1827 197
3385 4992
2165 955
2289 2536
3526 2531
1181 1124
2199 1891
1321 2974
996 4563
501 2582
2996 3705
1408 1523
467 751
2833 1203
229 1029
4890 1760
1464 4705
129 234
1996 2472
1446 1102
430 919
3814 1315
990 4603
862 2217
403 1373
262 1303
2754 4670
3218 3365
3041 2491
4218 1506
4348 2975
4792 2335
260 157
4013 4
3497 1059
2889 4846
1834 44
2011 3860
595 4030
3884 1367
2144 3976
1477 3388
1043 473
1557 1534
341 959
4514 1118
3378 4777
583 2298
4871 2364
3468 1424
4627 2746
4014 3165
3613 3124
2495 1626
852 884
1991 4482
2304 1134
2159 773
3440 35
2563 3746
744 1632
4681 74
235 4780
4243 1589
4568 4874
970 4414
334 4702
144 3341
2936 4760
4391 4409
3975 4387
2145 3064
3264 1340
7 4024
2195 4637
408 3305
1576 1581
4657 3213
2090 55
4594 921
2836 4319
2690 1447
4554 358
255 3203
4301 691
1924 4859
3390 3846
1014 778
2982 3543
839 983
3008 1619
4539 872
616 3842
2115 3333
4442 4125
1707 2326
2613 3195
484 649
1965 790
438 1274
1354 4578
1154 2986
4359 777
93 4342
3057 640
1138 3193
226 2339
1271 2444
2947 115
2484 614
67 3956
1046 4899
717 1602
773 2038
2585 2821
469 3026
3985 771
2309 635
9 83
1283 1871
811 53
2248 3594
3413 1350
4137 4403
1513 1471
338 450
2553 1960
2634 3270
143 2561
439 3999
2487 2933
1528 1677
1704 1215
572 3974
4673 1504
2813 1897
2496 4979
1958 3142
222 4401
2992 1288
4839 2857
3362 4548
854 4741
2625 1142
4201 1294
1386 1325
731 4199
3668 2243
455 2962
1937 3681
4432 796
1909 2419
105 4650
2986 4947
76 3972
1988 3007
3152 3729
83 4099
4786 858
3287 4818
1622 2662
3481 1772
1010 1919
3802 4933
4449 4885
323 4258
3784 324
90 792
2823 2131
3710 3670
1479 2175
4672 112
20 1219
1211 926
4551 807
2319 2121
1758 1304
1655 3547
1306 3275
1899 3118
1545 1861
1870 4744
1625 1085
1701 181
1061 4918
4885 3448
3923 485
4872 1848
4935 1563
2658 2416
3629 617
748 3453
509 1961
1840 596
4742 1283
2306 2715
4585 4324
1970 2701
2043 3079
3809 2306
1982 3907
1303 2890
4224 2059
938 556
4630 1520
3839 2705
3708 1295
4711 202
274 2186
3266 4389
683 4867
4400 3141
1666 158
4552 2011
1632 4167
2114 2523
3047 3984
2624 4442
1531 668
406 2656
2864 1907
1215 2047
988 4291
568 2474
4258 893
1261 3095
2187 422
4940 4094
234 1770
326 2956
3026 1038
268 4838
1322 2994
164 4035
4177 2161
4308 3042
4516 1170
449 575
2318 2458
4903 4161
4650 1726
2227 4756
825 3384
37 4144
4193 59
1435 3928
4086 3370
1063 3321
4396 4048
1342 843
3543 2586
2073 3224
687 3840
4341 2229
4599 105
3663 4995
4829 2908
1705 3998
3927 1554
2609 1874
2639 4222
3907 993
4601 3022
4480 3776
1908 2082
1262 3739
2734 1667
1911 4206
3536 4605
1029 1137
3138 1821
1016 4617
1917 477
2437 804
267 620
2895 4105
2805 1444
4383 627
1412 454
4279 1418
1819 1313
2706 783
3569 3438
1085 3033
4047 3476
1088 2000
66 336
2614 806
2536 4713
4181 3896
2792 1786
2714 2349
1780 2680
2349 4120
2673 3021
1893 2049
822 3599
3930 3498
1443 4997
3683 246
563 2277
3022 1354
1452 3711
2442 2668
1936 2730
52 3162
3416 2621
2024 2676
872 3250
405 299
4796 2550
3273 2574
2980 2466
89 3889
965 4496
2430 3863
4458 643
4705 2134
2171 414
843 331
3346 2079
1384 4145
2239 3888
4000 4735
2480 1716
2225 355
355 277
3517 1725
1124 990
4342 4963
1103 1568
3532 683
830 341
62 1196
4699 3401
4565 4418
1998 2695
4249 1910
2504 2065
1757 3432
4810 3580
1290 2046
4995 2877
1272 4879
1415 2923
2116 2272
2717 2040
2558 2673
1733 4298
2188 372
4745 721
2180 3577
848 1544
1549 497
3669 356
2005 4593
4629 4938
2247 1298
2142 913
4578 4620
3614 3961
1641 4369
4484 1052
1993 1877
2192 4364
1372 4327
1251 1849
1743 3838
399 1488
1091 3687
2533 3658
1960 3253
1409 1396
1527 3570
1768 659
4455 3139
3588 481
3418 1201
4813 495
2635 4038
4340 4310
329 1971
327 1803
2378 917
4491 3349
684 11
618 1035
4771 3179
4166 3148
2776 558
82 3737
2311 2971
1535 1531
2829 243
3890 2951
2077 1408
2849 1386
4030 2307
4199 3406
4231 70
4492 4163
4733 4070
2295 2894
4729 1393
3694 972
317 3219
738 670
2471 845
3200 1965
2710 522
453 317
1317 2289
1167 3419
834 4775
2751 3392
723 4065
1500 2803
1164 1660
4608 1010
3785 200
3033 1866
3963 2559
1543 4611
3593 4195
65 1472
3783 667
3226 1080
1561 619
3740 4404
3744 4314
1003 2476
4619 2518
3473 2884
2120 3893
4415 2170
1373 1198
3040 2698
1730 287
96 418
241 3067
106 4272
2806 2035
4414 1446
498 4173
4923 135
2351 4767
4179 2390
1151 3934
2746 2791
151 1673
4959 1962
1520 183
2834 3959
4760 2435
3284 1559
3315 2114
3760 2735
4530 2907
2214 50
1459 3218
2419 1224
2359 219
3031 2209
3731 4759
3747 2019
315 3769
480 4220
4716 104
943 1672
2207 809
2721 2769
4139 826
824 1173
828 2471
3330 1413
971 4261
2949 3542
122 1346
4827 2465
3316 2965
604 3865
3051 1920
485 1713
3502 3987
3691 2411
2965 2522
720 4720
1817 2714
2640 2532
875 3862
4970 2323
3990 2268
2244 2738
3384 851
3206 2120
1736 1524
3815 1174
2957 1065
3728 1649
797 1834
3205 273
4734 4166
639 874
461 3355
2788 3714
25 4990
4765 1410
4852 3279
4469 1381
2330 994
3011 957
4217 458
3767 1693
3969 3597
81 1284
450 1233
1044 4448
3548 4529
2598 1469
117 1651
133 1422
159 2576
2036 4500
3231 371
3579 354
4319 3329
1320 910
1663 1526
3978 1171
1383 1513
1093 2568
2429 4920
4418 912
4091 3691
3406 3161
4679 727
2325 1727
3028 1688
2952 3664
1127 828
870 2199
886 2785
261 3282
630 4278
2759 2361
352 1314
661 873
1144 4441
3405 1703
3861 715
2605 4067
714 4606
1685 3692
1310 1022
3228 4723
1491 2067
2521 1601
288 4565
3606 4660
312 2736
1876 2906
1361 4853
3759 4063
2447 2665
1344 1576
3966 3146
491 3294
787 435
4519 3378
168 4540
2707 31
1592 2281
3656 3092
1049 1991
1051 2008
4730 756
2280 1425
2718 941
4882 664
4968 509
1193 3975
710 4678
4692 1433
713 2288
845 2581
1631 3537
3612 1856
4182 1879
2346 2507
189 3564
3494 1160
972 2724
814 3137
1273 4522
2807 2394
3110 1808
4424 4682
4974 2826
2525 3873
4483 3119
4797 536
3873 1978
1376 4909
4332 1330
4289 1753
1584 2980
1460 2231
3323 3719
4736 4729
3331 2891
2736 223
2595 2421
3650 1248
3444 4517
3742 2129
2790 396
3775 1101
1554 3743
295 2948
1406 4828
948 4790
3514 3855
3976 4445
3154 325
426 4987
1753 4049
3394 2433
4912 1176
3538 4560
876 2725
4364 2010
542 2091
1041 131
2469 1277
4109 3598
2768 505
3893 3654
2031 4878
912 312
3811 908
4806 4615
2210 3944
2861 3231
2182 4493
1816 374
3991 2961
3732 825
3106 4113
4346 2950
4029 629
2310 3330
1877 950
1000 1737
3636 60
3541 2192
3108 3051
3938 4284
1134 4840
1096 373
2468 3801
827 973
2053 1226
253 1789
112 4683
3188 57
4114 4494
1577 1063
846 2429
1439 3215
443 66
123 3690
1006 377
1050 3053
3867 1694
2110 4666
4431 1150
1696 3725
3375 4924
573 311
1259 923
3128 4896
525 3986
675 814
909 3695
1898 1835
4312 4087
4004 2555
1465 84
4727 1202
3942 2899
2675 925
4545 399
4229 2573
2288 3819
4703 2960
4920 1328
3112 3156
2676 879
412 545
2920 3266
1256 4472
4937 245
215 1370
3471 530
3623 822
2749 745
3846 1636
1516 1814
3121 4861
1365 2195
2909 3618
2555 1308
2375 2840
1574 2768
2748 2355
340 381
2566 4451
904 407
4985 4255
4832 1349
648 637
4031 4275
1578 711
1137 897
1175 655
2458 1984
1926 2430
775 4860
3060 306
4790 4132
1964 795
4070 401
1792 3939
14 41
464 4721
3039 4260
4459 962
2723 13
1605 878
3083 2527
3396 121
2837 4416
496 3082
3402 3980
4371 320
3697 2383
217 3012
1962 3678
1353 2829
2103 4850
2292 2109
442 1587
888 2748
3786 1021
3714 3604
793 1593
176 2718
2683 1624
3084 4475
1378 3562
2068 4943
2357 3034
2832 3460
452 526
4261 4165
32 1941
187 1574
4357 4263
4973 1384
2341 18
2001 1840
2107 4551
2152 3778
250 2022
3382 1004
724 943
1920 1747
1552 2489
3251 2830
1684 271
3756 3937
2147 673
2623 2223
552 4956
3871 1543
1812 2056
3672 2806
2812 3488
3507 3153
4349 4984
1835 978
726 3918
2019 3242
1198 4530
1786 1738
2055 3662
3493 1309
2638 3136
2940 261
4234 1964
2013 322
4975 3579
414 4348
3627 4634
3038 4834
644 1898
3758 4015
3118 1735
68 4061
3348 3123
3866 2331
155 850
609 2870
3355 1333
1785 493
3113 1338
3724 927
712 3423
3967 931
1315 2147
1023 301
3832 3740
3425 3630
3172 4385
1341 1070
2632 1832
3855 969
204 3290
2085 723
43 2648
1241 3672
2537 2207
1416 1870
4521 3683
4069 3485
1086 811
737 3704
2166 1899
3693 2116
1136 2061
224 1406
2950 1423
2403 2887
2150 2661
466 4417
1077 4138
2567 307
1863 2045
4579 362
3452 4543
4788 1826
2379 4463
695 1238
1368 2078
745 2484
3360 2363
3217 429
524 1481
1975 658
378 4742
1487 2066
605 4081
4074 2645
3762 918
4079 952
2727 2128
3278 4886
2444 348
269 1578
519 4307
3687 235
1419 113
2542 741
1158 1327
4529 3945
2827 1648
1253 1258
2149 1057
4352 905
3115 4671
690 1297
2418 3864
2435 4305
2488 1876
2297 1412
1853 4884
2397 4466
4515 3589
3135 3031
1515 2464
2034 4831
4815 3481
1207 761
4113 716
300 2438
3457 3954
1328 3684
