6000 6000
5000
5730 983
1727 2083
5650 352
4612 3090
760 2967
1032 3515
1745 2656
831 5615
1786 5511
4597 1081
5488 5796
1362 1445
1109 5071
461 4716
774 2246
175 4499
3179 2013
5514 3045
1662 1221
5578 2942
1487 1568
2586 4905
4920 772
4377 1596
429 5070
1390 1411
870 905
4698 5674
4544 4799
2270 4591
1968 1870
29 2615
3802 943
2563 3343
3697 5620
1302 5238
112 1871
1771 2410
1944 603
1756 2544
795 4053
4121 5912
5481 954
3356 2752
1144 4680
994 1752
137 1629
3239 3829
4536 5925
1073 1338
405 5026
3856 5956
3505 4380
2964 4021
1499 5996
4383 4547
3884 3971
5836 3938
1295 2449
303 2069
5266 5009
5566 1671
2539 4341
5959 286
4902 172
4604 4016
4170 2160
3579 4622
4235 2945
4919 5439
1914 686
1271 3201
2977 519
3569 3075
5632 5248
4446 5830
5316 5083
83 4095
2880 1956
1457 4842
1917 3631
1419 5345
5375 4735
2678 1918
3355 1608
4357 4366
2854 5479
3734 5302
3216 1137
1286 42
2641 2105
140 204
914 4102
469 3361
1551 2068
3964 4970
5291 426
3085 562
5508 4604
186 5843
4249 113
5389 5311
5482 3208
4783 2395
2847 4790
46 5756
995 2520
1243 2963
1335 581
2346 5754
143 4454
5534 206
676 608
163 1880
974 2223
2534 1775
4084 4407
1450 158
519 1435
5160 632
5392 1997
5286 5034
4871 4920
2015 1014
987 5698
3273 3629
3542 1341
3503 4055
5002 972
1586 5677
4108 4079
5252 2057
2458 2904
5787 126
210 2228
1026 70
1183 2139
146 3980
3716 22
5855 2747
910 2704
4901 1270
2117 3920
1717 5146
3796 615
1034 1681
970 4661
3393 552
176 1664
584 3107
2827 792
5878 3936
3428 1316
1772 4473
2486 1825
1658 2430
4695 61
4741 946
1803 4127
5544 246
1193 3944
786 4369
3184 2605
537 79
1595 541
608 2048
2603 4731
5782 3477
3242 1136
3032 2308
3655 3065
2407 4271
1104 4210
601 4960
3537 4608
1791 888
4685 117
5320 1881
3456 196
3808 2273
1731 3372
3367 5366
2057 383
3961 2213
2311 1767
2718 338
5934 2219
5346 2802
244 2684
4286 2998
4898 936
5592 283
3145 1704
2978 930
3609 1537
206 1481
1344 5257
3733 3402
4396 2377
3832 183
3246 976
3788 3478
635 2255
4342 3535
5425 54
939 5973
1258 436
395 1396
4364 1353
1831 4460
1887 2894
4594 657
5504 3134
2904 2028
4666 3612
1264 3400
2423 567
530 4689
3825 5736
5932 3834
3921 2556
5226 5313
905 1461
262 1733
3762 4237
785 486
2553 3773
3891 1051
1350 5918
4202 3981
846 3052
2280 2197
3232 5694
1477 5240
4684 5560
5916 3085
1999 4503
1188 5888
5558 1365
1206 5926
5489 4652
3377 96
108 5087
2144 5330
1773 682
921 2180
1145 5339
5129 4044
1248 3611
2895 3256
2403 5599
4198 5005
2116 539
4724 3867
5541 2411
1832 4116
2716 432
3805 1412
4438 5602
1558 3029
2694 3416
3408 1573
1821 2011
446 1567
1165 1780
2903 1555
2050 1150
2750 2120
1753 797
2396 4091
3084 3313
5083 3454
3581 1157
2834 4304
4549 5748
2881 3341
4320 1656
5499 929
2611 4096
5713 1442
2945 370
673 1262
4835 319
5154 4726
677 3762
3404 2857
2672 3171
5780 3608
1781 1553
1959 1877
1726 5656
4036 2165
5802 2948
1035 584
2520 2528
1809 4940
4961 3572
5977 5807
1819 2510
4928 1931
3168 3960
4985 1194
779 5576
38 1002
3601 5176
1677 5618
5716 958
3709 1144
1122 1172
4350 2932
4004 3822
235 4996
1389 5623
2123 2628
1100 3643
1702 3069
3350 882
4215 1179
4063 3619
4772 184
855 1033
2038 4453
5445 1007
160 5501
1467 4387
290 2847
777 2618
368 2575
5964 2216
4157 927
5617 5614
782 5260
4718 4074
1233 1383
4802 745
2025 4268
1152 2640
3369 3618
4492 5052
1319 135
1603 5079
4194 2573
540 2751
1429 4130
2651 2500
1565 1588
8 2162
917 95
3968 4255
3516 3305
4728 2204
1547 4296
520 4286
2424 4761
5031 3871
3118 2389
5975 4894
5551 2843
4734 4118
2223 5771
1209 1645
894 240
2377 1909
2314 2756
4874 2871
5055 4208
2597 4778
4650 318
2107 5593
2940 926
1883 5975
2523 5963
1334 1065
5390 704
4810 3225
1057 729
3236 4480
3015 4205
4746 3849
1898 2073
3765 2108
533 1071
174 4175
1652 2172
721 3036
664 3495
1907 3125
5471 1053
181 2822
1203 1689
923 2
5739 3970
2350 788
342 5585
2229 2331
4679 123
4756 2142
4002 3119
3496 5346
1222 3810
1045 2554
4154 4046
219 3852
4721 986
2821 5279
62 3340
1956 5608
3545 4037
1299 1451
3388 4313
2118 5780
5476 2041
2065 1506
3346 1942
51 2291
2572 3909
1607 1722
2141 5436
4240 256
358 5704
2855 1640
761 3702
3534 4071
266 762
4464 5820
4201 4721
2753 2842
1566 5417
2261 4262
1937 4674
3364 5297
3170 4328
5371 4382
4365 3737
4938 1148
1112 970
2387 1582
5560 4698
3175 822
326 3050
3971 376
1015 303
1835 1791
604 5046
1055 1191
5495 810
3146 5584
3453 2442
2102 4359
1349 5069
5087 2138
1185 4281
4681 4687
41 4088
3461 5665
4021 485
3135 3521
4344 555
2235 5604
1995 4534
885 55
3553 1399
5768 1912
3329 1651
2104 3463
431 5104
672 5392
1090 2173
5431 1850
4337 3831
5360 3414
1860 1501
5336 85
1254 103
4132 1764
4226 2092
3775 1680
2445 5493
5887 4396
4980 50
374 4273
5176 476
5062 3783
2442 4266
3904 349
2312 2017
827 443
4516 1372
441 1959
5323 505
5995 5763
4709 5376
622 2402
940 3246
5511 3640
4818 5969
3507 898
931 692
2008 4711
5976 1242
1568 2525
1950 2256
4638 2711
5358 178
1292 4831
5314 5347
4642 586
3070 239
4029 4109
5505 1310
364 229
3422 868
4287 3128
2431 3279
5345 147
5461 385
5005 1496
422 1759
3868 3868
98 809
5501 4124
1051 5433
4207 3926
4954 295
1430 3637
2986 86
3345 2837
1064 33
460 5605
5821 903
2178 4826
1149 1952
2861 5095
3160 4730
2131 1453
3725 1815
5289 1868
3564 2790
281 2823
508 3632
5605 4983
4737 2561
2410 5715
3497 360
2696 31
1574 5937
497 4863
4672 4892
5805 1183
1837 2664
1049 62
2446 3274
365 5119
2140 4297
5958 2662
1176 1309
5871 652
4651 1387
4862 3685
118 87
4230 2464
4941 3207
1361 1348
3814 3904
3115 16
5455 1703
2531 335
5410 340
1182 2012
3695 884
1036 5896
4151 1047
3284 4022
4403 722
2498 1996
4639 5298
1794 3001
4766 464
416 90
2254 4032
4670 1015
3698 4912
2455 3585
899 4376
5628 2776
2046 1724
2803 5113
1031 4206
165 332
4903 3508
2383 4070
1759 5788
3243 2125
1884 3517
1742 3421
3435 592
3290 238
2056 4183
450 235
3783 679
5288 4196
4105 2515
4234 1174
2955 1457
3854 2688
1136 4807
5695 5809
5143 2305
4836 3014
4399 1770
4293 5089
728 1296
2191 1247
5555 2463
5702 735
1562 1302
719 5197
3593 4945
4468 554
2233 661
614 3476
4708 2419
5685 4860
430 3701
3787 5911
5290 4060
632 3708
4165 2861
1131 4258
586 4458
5311 2597
2628 1620
2594 3820
4064 5454
4264 1097
421 676
5921 1697
5912 1115
440 2589
123 5371
4334 3408
295 3531
3831 5882
2506 3788
2605 3778
2047 1163
1804 4333
2149 1473
1640 1529
3846 3693
1501 658
2337 1087
2023 280
4363 1611
2175 4779
1212 2791
3444 2079
3103 1929
1689 2763
2884 304
3494 1716
1945 3055
1422 3726
585 2214
691 992
1855 5606
3690 1156
1744 1609
2418 234
4696 52
3229 5143
1496 4565
3652 3254
1383 565
4137 2835
902 2021
5186 3516
27 1464
3402 3595
1008 5701
646 1960
612 919
222 4379
5421 5575
5859 2676
4070 3986
3880 1556
1530 1161
3075 3651
3612 1121
4176 1357
2971 1694
2565 175
2401 76
1208 5929
4649 5579
3279 4135
2741 1899
3464 1968
4907 4964
1438 1040
2666 5917
1439 760
3759 5462
5708 4841
693 3080
2549 5874
2392 2044
3396 4651
294 1253
745 2764
434 5901
5382 3122
5132 2799
1620 2907
2247 1920
2616 249
1194 5269
1160 4539
394 1255
3341 3320
4019 366
5948 2466
847 2796
453 4069
771 5044
3361 3057
2559 2758
1146 3177
589 5088
2852 1509
621 3137
1448 2604
1957 253
703 4073
4135 1276
3803 470
4144 1854
2851 5690
4687 4980
5614 2227
5577 4300
4595 2522
2207 642
4191 1098
1924 1781
1751 5970
1962 1304
3865 5626
3738 3410
2770 5816
1538 2992
1585 651
1596 1104
859 3491
852 5186
5828 3885
1238 897
750 3422
2967 4112
4327 140
4131 5082
2036 5642
5351 5940
2732 2809
1643 5688
5528 2367
916 2792
1282 4113
3131 3013
4577 2682
2551 5972
5646 274
2227 4437
4618 4780
1300 48
3446 5860
2621 2694
78 2267
3911 876
2469 4919
2974 4189
3974 4931
5589 4242
305 1042
1170 5962
1935 5491
1946 174
2203 5909
3842 504
4433 3977
4842 2734
3504 845
1592 2700
256 72
4811 1059
2103 918
918 2159
119 2290
5021 2535
1699 36
4792 1576
1697 296
689 109
4624 3409
2226 365
153 4984
1520 5115
2100 1947
2188 2699
1054 403
631 222
2086 1548
1738 285
1556 767
2773 1186
1679 1455
4478 3835
766 3828
5502 2880
2250 5116
4578 1422
3201 854
397 2939
1412 2921
4561 2368
425 751
350 764
16 208
1593 4354
3251 429
2541 2536
4896 1272
1458 3730
103 1627
4762 3114
1780 645
1590 5629
1001 4464
1353 5188
638 4254
5638 609
427 940
1099 647
1929 4222
2658 5824
3128 525
883 2495
5908 3923
1711 4086
723 5588
3492 472
3409 5977
473 138
3701 392
188 3350
2585 442
3432 4465
2695 5783
1536 1101
2876 2299
2234 4904
2249 1077
323 4352
690 2508
2298 4817
4990 1325
4747 5666
949 4422
2120 4167
3094 5222
4932 5630
2577 4949
3567 2766
1017 1621
2042 1229
476 4801
1966 5505
3096 1785
3174 468
3939 310
2988 4991
1890 5960
3957 259
1079 4198
2390 1152
3349 1531
1211 4706
2567 5102
4535 1491
2760 5979
3463 5767
1357 1320
5647 3460
547 5059
1979 1586
842 1768
2689 2171
3320 4946
1200 4977
2924 379
2791 3978
2454 2417
278 614
5817 988
4083 5610
1056 1005
3119 5757
5925 4783
4239 1890
5585 833
5194 258
551 4906
1800 4249
3772 2146
2639 3502
3614 5870
3704 2551
3401 4054
518 4896
2930 2749
4104 2550
1693 4405
5191 1346
5406 2285
4471 4901
1997 977
4349 5565
3549 5237
20 5731
772 1299
3899 4923
3747 5617
3752 193
2780 2933
1710 819
87 2594
1913 4191
1797 780
5395 2982
876 1517
2220 4415
3061 1031
5119 3324
1740 1659
4688 2432
5788 4816
5307 5991
1517 5675
2514 1414
318 5450
4000 3407
2348 4487
2356 915
2850 431
1223 2295
3584 1878
4494 1210
3644 4169
962 917
3351 277
1519 3889
3481 2851
4526 2339
2358 1932
3163 5463
2769 3331
2968 3734
1816 1540
3531 1682
4702 560
4964 5386
1651 3497
2746 2655
1083 5456
1033 4675
1622 2406
444 1606
1960 1254
1981 671
4362 1717
3150 3127
1684 834
2130 5959
2158 4854
4069 5174
3120 2307
5332 3157
162 2302
2828 1022
120 5672
4574 4993
4668 3837
926 1439
452 3389
528 291
5454 4180
1525 3912
4267 1610
2953 187
4040 2951
1641 5494
1720 3376
3997 633
340 1745
4580 45
2898 104
1072 2580
980 545
4477 3703
1042 5517
5367 1076
5284 1934
5518 2336
240 24
296 963
4786 2035
2240 3979
5609 5154
5754 2070
1531 1728
5285 5126
1147 209
1857 2718
1676 1891
634 4035
5034 242
3266 4371
4991 2208
3681 4026
4757 1234
2271 1643
801 320
3042 4549
5675 2798
5759 3841
154 766
2810 4462
2584 3450
4309 2319
659 2193
618 4579
1166 1400
3192 3890
4528 1922
2012 605
3417 1403
1669 5687
5886 3092
4127 491
2508 2200
5063 2611
1626 2387
5951 4182
2782 1843
2450 1822
3325 3242
4062 902
2800 2298
4159 3047
3306 4047
3661 1091
1952 2936
2212 1222
4973 1814
705 18
2526 3559
4748 237
1340 3591
4175 895
1642 393
435 5362
5225 4478
2213 1386
381 3600
1253 2986
1575 327
4655 127
5955 1116
3337 5815
2714 3680
978 5244
4114 2702
2345 293
4016 695
1932 5954
5102 2512
1385 4559
4126 5597
1625 4915
4878 2458
2045 3356
879 5532
1928 3552
532 2022
2547 111
4113 1415
2439 1235
3606 1192
2069 2119
3122 3096
4738 1652
353 3650
2094 2990
2975 3131
1197 1777
1006 3337
3877 2362
5181 831
396 5725
3647 1207
1621 1983
5670 2991
3382 4015
109 399
4950 2778
4948 4504
4182 5003
5588 5551
4496 4647
4162 5470
3379 2226
2889 1986
1768 3496
2310 2462
541 4914
4332 5889
2360 5249
1799 4899
413 2112
2478 4496
1882 5132
4192 4452
906 3428
1858 5096
4020 3511
5086 1171
472 5543
4401 1666
5437 672
134 1795
5613 3900
5004 2592
4117 5919
3414 5502
2283 5525
277 727
3514 3449
1840 978
701 2210
2976 2292
2211 962
5376 3620
5258 3101
1923 2975
2919 5931
3853 1050
3790 5693
3550 4306
2368 5332
1553 5344
5487 1324
1093 5377
5607 711
2256 550
5041 1261
1455 5189
1728 5051
3076 802
4969 3951
80 3031
5008 3326
798 1564
1741 1225
5797 2051
2110 1900
3392 713
2438 945
1877 1279
2415 2812
5295 300
951 4638
4436 3587
5413 5422
3353 1219
4263 3794
1974 3440
5490 4514
5366 457
2029 5097
449 3105
373 5569
4502 896
3781 2730
912 5743
1984 3136
1900 1521
502 2279
3477 154
739 5554
1765 3819
2157 968
1314 4548
685 2341
1377 2946
5905 556
2465 3848
4253 4438
5039 1196
1690 5214
1050 4143
2814 3821
3183 2603
2238 5396
2706 5276
1578 2999
2114 805
202 4134
1393 4138
5683 3676
1201 3395
136 3115
2525 5029
5001 3669
2399 2613
1861 27
4296 719
1539 1551
3684 3348
5893 2067
5256 4456
2301 4979
897 5729
357 991
3648 2669
4102 4751
1645 4532
5432 710
4876 2954
1339 281
4441 5062
2049 852
5761 1045
3023 1331
4448 5225
4304 1368
3310 3010
19 3592
3474 1835
963 1619
3260 1479
3821 4550
5317 4818
3743 860
1242 2100
819 1057
457 4494
180 2131
2253 5002
3137 4483
573 3857
4525 3188
3836 5934
2302 2583
4673 5025
5968 2911
4300 4185
3876 3391
5135 521
428 528
4156 3364
4538 5464
713 693
194 5471
556 951
2179 5375
1191 1058
1471 1883
1899 451
1478 807
2421 851
3138 3311
3730 3384
948 2617
157 747
5040 4663
4298 2698
1826 3869
1609 534
853 4531
2219 3049
4153 1678
1971 2428
3928 414
652 2806
1495 2931
5796 4543
4678 1742
1376 3914
4045 1293
1987 5206
218 3363
426 2996
5398 846
1038 821
2896 236
4378 2673
4546 4353
3499 2600
1202 2310
2690 1936
4608 2088
3368 4573
5105 5405
3489 2032
2242 3519
731 4418
5196 5004
1760 5192
4071 4244
2058 1433
412 3811
4244 1343
4995 4844
1862 3076
5100 1536
2464 1653
5723 644
2214 2810
4739 2972
2174 1972
834 933
1366 3609
2643 5388
5619 4125
5758 6000
581 5434
4461 3658
5572 2844
414 2002
5595 1318
3072 2754
1705 3234
1400 4973
217 3437
199 1730
4532 5318
3468 3261
348 2491
2126 1043
3622 5431
3459 1360
4692 1166
1370 1755
73 2779
2589 2721
1692 1303
2546 5336
932 4239
1535 5590
5532 1175
3777 721
1597 5223
1549 2134
1452 344
4974 3578
2492 44
5727 2677
2128 4251
4082 3925
2811 4159
2491 4036
5169 171
5324 1927
1870 4800
2340 5483
3983 1607
5171 885
2133 5211
2494 1018
2806 535
617 2707
3956 2482
1168 5194
2645 689
5686 2493
2637 1925
955 2036
2555 4144
3169 3266
1285 1527
1060 1668
5276 4777
2292 11
4863 1966
4560 498
3653 725
5470 4740
4601 2260
5622 2925
1856 997
775 3998
1401 3446
4177 4795
21 3907
390 5500
1933 3709
1666 2271
1948 4947
4158 3103
3203 4587
2501 564
2914 2438
1162 2089
4891 5412
5736 3301
5232 3530
4054 3974
3056 2355
1700 4002
5520 1945
4788 4994
57 5296
5452 3051
4056 4276
2194 2266
790 4969
3067 4193
641 2126
2342 3255
1798 2695
2887 1965
4828 2696
1066 1305
2453 2215
42 3000
2062 2380
1490 1083
1023 5445
4336 752
1503 1381
1080 1991
3799 5791
121 3862
3728 3265
1665 1034
781 1674
2513 69
5089 2086
2715 4220
4761 342
2447 4885
1788 2455
2083 5670
4582 3168
383 3213
4820 548
5539 3724
1635 5534
5032 4406
5815 1977
5698 5243
279 5702
2662 1662
5010 4849
4610 2625
2894 2154
5687 3661
3518 2097
4208 2206
4593 4374
797 547
2610 2685
566 2742
1018 4564
3608 2950
5625 1349
5460 2703
1732 421
5107 4491
5175 3462
3890 2150
1526 136
4072 2222
5781 3040
2010 3742
4366 5421
866 2745
5344 1267
4521 1082
666 1090
4450 778
2151 5055
2524 1393
5433 5881
594 5258
5623 4501
683 2634
3757 3215
1475 2076
1440 5563
2470 4373
4918 4232
4994 2161
4467 5039
1198 5035
5658 1334
2652 56
2374 2944
5399 825
878 2096
1277 1583
2535 5798
5017 462
2820 2675
3053 4975
2284 5686
1028 3002
5848 577
4086 768
2920 1800
195 3902
10 5744
5073 815
5571 2418
4671 3628
3850 3100
401 5043
1708 2569
2197 5221
3326 803
981 5936
3689 3498
5180 791
5846 634
5734 3038
624 2314
4860 2128
406 5410
3000 4629
5998 5765
3303 1470
4657 4943
1557 5157
886 66
5760 5426
2629 1574
969 2072
5334 640
4674 793
4246 5443
3643 5047
155 4562
5580 512
1850 1528
1678 5409
3571 3741
5328 4880
2282 3802
898 14
722 4577
4480 5779
3635 1514
4416 3211
3712 1990
505 3425
5795 5530
1414 3359
521 2297
3715 914
4701 5430
190 254
2630 742
5772 1277
142 2590
4951 2492
2544 343
2747 3860
2182 1508
4163 544
873 309
891 2091
12 1753
4281 996
5524 3229
2278 3329
347 4614
2222 1084
5668 4200
3034 4004
2091 484
1822 2478
1894 4314
4823 3522
1133 1395
2210 5380
5681 2047
5598 1355
3976 4385
3488 698
4125 5441
3721 290
4292 4814
5028 5129
4316 5452
1364 5204
2146 2774
64 3588
4315 4162
3916 1259
333 3754
232 2637
5635 1654
1229 356
1543 1734
927 5130
443 2891
4803 738
3362 726
1084 3155
463 2693
1476 2498
1252 3747
1256 1766
967 2582
1846 137
3278 1273
1752 449
5943 3854
227 1708
1398 1001
5064 4006
2636 3493
5611 5927
3308 1534
2359 3935
829 2497
4559 101
3210 266
320 2856
3696 5928
93 2435
4338 1594
5161 1949
1380 2503
1941 1978
2917 842
5988 5848
1954 811
1187 3063
4694 57
4112 3785
5604 4090
3200 5105
5757 2342
3221 1048
5216 5823
830 4781
3881 2043
5202 5224
516 2467
2257 2203
4846 4560
4380 4450
2402 2826
3933 870
5679 5814
2021 265
3317 5323
5705 1811
1407 4702
247 5924
2414 5153
688 4685
1278 531
2153 5264
1719 4332
3436 2929
1938 5998
596 3921
5133 3469
2483 4913
3600 4742
2196 4207
2018 5641
1472 1187
3735 2532
2448 574
2155 5205
704 3401
3923 3939
3257 1074
5793 1359
3159 1530
5388 1350
5006 2427
5145 2405
2926 23
255 5213
2949 213
2642 1106
4508 1214
2859 4739
4825 4723
144 1500
2054 3170
550 4142
3440 2257
3599 3383
3109 5401
2848 2486
2420 5782
4829 3123
283 8
2382 2404
4981 2184
4042 2019
5027 1575
4511 872
4719 2760
3780 5147
2327 231
925 1209
4454 1663
22 1371
2528 5920
3330 1466
1134 2369
411 596
1725 1287
3671 4416
1706 4670
718 5440
2562 2794
1507 3573
654 3601
2578 5542
5103 4315
1550 2727
1875 5094
3129 75
2990 2964
1454 1916
2081 2148
4119 1902
5221 2667
3029 2422
960 4372
5427 3715
3978 3424
3915 2980
616 2114
2338 1897
6000 3321
5045 299
4405 2182
5546 840
5568 1438
1617 5475
205 200
2830 2034
712 5839
4754 289
4625 3153
349 542
4024 4467
3020 2614
2361 3485
5965 3864
5663 3295
3314 5175
648 5091
2937 1750
214 3354
657 3589
96 1417
1186 1818
4488 5000
1337 114
4983 3310
4472 1605
2336 4156
300 41
5068 939
3237 3317
605 1066
1762 2832
2165 1340
3185 3987
2688 1774
3779 5559
2354 398
5537 2010
5268 1197
2564 5784
3903 2276
2243 1756
3204 5027
4452 3193
989 3963
1327 5570
2362 2692
3829 4987
2785 2188
3219 981
171 2985
4305 582
1451 3756
2353 3204
874 179
796 2392
1068 4370
1227 2672
3276 5268
4705 942
3908 2887
3536 1624
3851 4447
1157 144
1245 2523
1326 4399
4340 3302
5970 5101
276 453
5669 1421
5052 4533
2061 4408
5822 3112
903 13
5148 4766
3196 5072
4498 2218
5731 3366
559 1003
578 1129
2742 4509
3410 5664
2918 5669
1564 3235
1290 3358
115 1443
3450 3634
3102 4678
5559 1064
4014 2830
1874 4061
1324 4340
3651 4320
5261 2855
2472 1882
451 1962
1175 5446
4434 261
972 2242
13 2217
5188 4508
5131 4378
59 5877
3418 4470
3289 4334
4233 5682
2602 1011
5816 185
3804 5792
5530 5338
1778 622
1761 2690
2992 1178
3669 4957
2598 654
1533 2060
1925 1388
5369 2038
3774 4277
1910 3141
1852 2513
503 4215
1103 3596
4331 922
5596 1801
2829 4575
2592 5802
3081 4805
2962 1695
5423 4982
996 5801
1828 2786
517 4657
5833 3037
1685 2049
5337 1545
5565 2233
531 1658
2159 3975
3845 452
3558 2046
196 2431
5292 3206
2296 1919
1515 5886
1868 483
253 1327
2009 5621
1007 1285
4001 3916
742 5081
570 2087
724 635
4998 3443
515 2346
1329 1538
3575 1707
3907 612
198 5778
3376 2386
1721 950
3077 823
239 4686
1746 1565
4808 2903
3883 3061
2757 4141
4960 1427
2485 1872
3539 4442
5827 1808
1930 866
5046 1335
5980 3405
398 2541
4010 2221
4641 5552
5584 965
1610 4052
554 1992
237 1744
5467 5359
3431 4012
1184 1935
3726 4336
5187 5299
4997 3806
5986 2074
2187 1241
2667 2875
3892 339
1311 771
1939 333
5153 4231
1632 5865
4812 4537
2341 2240
2053 1626
5962 1901
168 4278
1709 2709
4966 5092
238 1523
2935 2352
1814 3561
280 4178
4314 5031
2279 2521
1062 4267
2269 5965
3582 1054
43 529
4265 3059
1216 5084
643 2610
1387 116
3714 1677
2024 4819
3281 2484
1101 4673
3176 4635
1616 2585
379 413
5035 2997
5429 4410
3390 5131
3208 5894
4428 4171
3454 1630
984 2253
1378 2383
285 1969
2701 1985
3426 4335
4048 4078
3857 5586
1005 4708
251 65
3603 4719
343 98
4579 5389
4061 387
4590 4338
3722 1036
5330 5350
4984 1505
887 2947
2037 1055
2161 1063
419 5320
5737 1120
489 5492
94 5228
1579 982
674 631
230 3285
3469 5304
393 5684
5870 4459
2 3351
1485 419
5811 1578
2779 743
5456 5988
3870 4769
3285 4557
1656 3078
1375 2309
4039 561
5985 2870
5397 4110
1305 1685
2461 3438
3099 4227
17 5776
3117 3093
2766 3725
4589 1834
2596 5042
5234 649
2771 3417
5287 226
5719 395
2449 5414
1468 3645
1360 5291
3541 1281
1235 1495
4648 4243
1449 474
2805 4059
433 2080
33 3019
4750 1208
907 5103
4444 233
4482 4034
4923 5315
811 5964
2519 2241
1464 5285
2558 921
3812 4065
546 4806
3548 1283
4699 5160
117 2434
3988 624
5813 4978
1374 4275
1014 1440
1891 3851
156 2251
31 4312
4238 4967
3623 5966
5984 2407
4566 4398
248 2085
1808 4962
4134 5764
5248 119
3113 115
4317 5011
2452 4214
3228 4309
3862 2320
3487 5393
4587 1839
485 543
4030 732
694 3012
4504 3479
599 3088
1546 1720
3383 4884
5209 1507
5526 4436
4763 78
4925 1851
4389 177
4291 3489
4609 1146
2221 5218
5335 3144
5 879
1069 5557
1623 4493
2344 5891
5844 1
4075 1073
322 437
3574 1030
45 515
1796 558
5071 4704
5662 1170
494 4391
3873 350
5678 5319
5967 2209
1660 3011
3049 1746
2075 801
1572 3381
3140 1550
2699 568
228 4637
4394 94
3475 1693
837 2483
1226 3870
4541 4703
1180 5529
2433 5161
3472 4409
257 5564
234 1614
1003 5832
4602 2661
3022 5306
574 2163
161 1907
3818 1089
4693 3344
2719 1217
911 4745
1281 502
5538 2185
1604 3886
2364 847
4899 3633
5773 294
4611 3586
509 1761
1416 5484
3340 2713
2687 1167
3522 912
5938 150
817 220
3595 3896
5029 5600
5618 3466
661 3952
3079 2343
3421 3133
2169 99
1096 5357
5982 4283
5774 1139
2788 2015
838 687
1655 3924
1955 5978
920 4952
1687 600
4088 4003
1127 5078
4261 800
749 1647
1644 2538
4466 5474
5849 969
880 848
3299 1570
1885 595
4085 257
3458 3891
5717 2489
3071 5853
5273 163
732 2164
4103 839
1250 4119
5841 2323
1288 3847
1716 1017
4543 4431
1308 4466
816 4104
3621 2277
4771 5074
3110 4260
5014 2317
1863 2396
4955 836
3214 2326
2999 377
1587 4018
945 4870
3384 4693
2215 4301
3059 2917
1345 785
5535 1683
4189 2815
2291 3630
5610 3043
697 5022
2032 3660
765 2225
5443 4895
5458 2357
70 4917
3324 617
5354 6
1986 3243
5208 4688
5022 3664
1129 1853
653 3662
4052 1376
1757 2654
5804 3671
1680 1431
4813 3259
5764 961
2765 4166
5868 1592
5222 5289
744 1963
5449 1612
5567 5199
1156 3877
986 681
258 1041
4274 230
625 1313
1111 3967
44 4612
5355 328
2625 5033
203 2882
808 728
1715 3546
4500 3197
2406 3556
1420 5723
2582 4063
3538 3571
5293 4218
1813 1153
2579 2006
4006 465
5674 5603
207 4888
4049 3933
1107 3473
1873 4528
141 5578
4417 2741
1150 5364
2685 1476
2735 3995
841 3278
462 2000
1810 4653
3960 5301
5742 1203
738 1743
5193 4101
4302 5819
1996 4757
4732 2071
5237 3791
3860 4123
1318 4902
1102 5295
1844 3404
1161 1274
5642 3241
4068 4384
4465 3768
794 5241
4100 904
2762 1290
2942 4038
420 2424
1513 5247
5233 2889
3639 3196
3967 1869
130 2474
743 1599
5260 4484
49 3373
3286 4248
101 3757
3073 625
2005 2526
4563 312
3657 2137
2677 2169
5550 1158
5085 2281
5447 5183
4841 2441
1661 1488
675 3686
636 4154
4751 4513
5424 5700
75 110
4913 3413
1312 2970
2109 5406
2504 931
2285 2436
783 188
1704 2819
5164 3174
1839 4290
4463 3947
4161 2864
767 641
2330 3447
950 4083
1886 5913
595 2609
5342 947
5714 445
1591 5523
558 994
3519 5707
3750 2191
3108 2860
1612 569
2304 324
4321 602
1982 4424
3835 401
780 4615
1174 1635
1367 1114
5785 5014
3123 5650
3339 1205
3636 5411
3424 1736
1354 5668
4905 1819
871 3352
5386 3248
3760 4057
4787 1928
2684 1159
3510 4161
5211 4295
2093 4924
3736 5616
3091 3444
815 503
1904 1189
2462 3753
1372 5272
2874 5060
597 1364
3557 1702
4716 3142
4864 4435
1265 2356
2007 5032
380 4903
2357 5895
4775 3382
4386 1655
3280 3673
1151 1319
3732 5155
1730 3804
5383 494
789 4257
3785 146
1442 4953
1421 4291
961 667
2378 1585
3610 1975
2725 4585
423 891
4129 2457
1795 5908
2691 2384
4845 4164
4565 2839
3005 2303
3116 3526
3430 3627
4209 3883
4106 3529
3517 4040
2654 666
1043 2095
3358 267
1411 510
4280 2858
1373 3792
5441 3510
4715 311
215 5689
308 2639
1447 887
5446 5038
4140 1549
5946 696
2588 2168
807 273
4033 500
5352 5838
1674 5598
5898 3816
1916 4288
2727 2207
2943 2040
2181 4576
854 2115
124 4477
993 2143
5978 5429
2332 518
2202 5145
1445 5387
3598 74
40 153
4426 3789
1491 818
5043 3167
1076 723
3442 5951
2041 2293
4374 1358
5201 1999
1879 1482
2293 4319
3172 1690
89 2743
1537 1700
3729 2301
284 3533
1330 2490
4882 5878
5744 1601
1582 1409
2857 1213
5852 5706
1205 4389
4522 3178
832 2382
3315 4020
4935 1803
2835 5773
1790 3148
1356 4592
2664 2042
2084 668
3929 5582
1120 5167
4312 4033
1215 2003
1379 5804
1065 5015
1767 4667
5523 3504
698 5577
1770 513
1964 1856
2189 2481
869 1908
1381 2726
2300 4633
1509 2738
3473 5810
2595 4922
5227 5413
2393 5163
371 4163
4109 5518
1214 1392
3045 1844
668 3130
2019 2443
2043 423
5612 4310
91 2577
4294 214
4205 3954
1460 3420
3758 4535
4930 1948
525 2129
3922 975
4904 3644
4586 84
3764 1243
2331 4616
3901 1616
242 3985
2074 5732
1521 4827
4542 4995
356 1793
1983 3913
2363 4230
615 2686
4769 910
1718 2453
568 2683
3162 4603
5122 4117
5254 1623
4456 3048
3244 3388
4894 4280
4003 3950
1323 2130
3321 3832
1106 1265
4944 2630
3942 2243
2371 2059
2794 669
316 2321
1137 3332
4686 2629
1030 5124
1580 4489
1321 2477
4087 5755
5636 1193
56 5398
3470 2587
5349 2008
302 2949
5542 77
2258 1737
1776 1128
5913 2229
2489 4039
2878 3161
5873 4828
4211 1448
813 2167
5453 128
4301 3396
890 1211
1097 5110
3737 5230
1864 3303
5861 63
2993 5451
3395 2705
3713 1579
3731 372
1926 3719
3993 4031
4529 2782
843 1028
3563 3483
3478 1982
522 759
3506 3452
2991 2499
2366 2385
1516 2539
3187 4599
539 3815
966 1487
4773 2624
4251 3293
3719 3393
4801 3369
152 1498
4653 1713
992 5455
2515 1112
3373 156
629 5041
667 2840
5940 3230
3212 2566
1119 2391
729 4649
2080 4682
1789 5568
759 1639
4957 1792
5092 3117
5282 3334
4584 198
3354 1216
746 1110
306 737
5341 532
5775 3887
3723 1407
5203 5156
209 989
3955 4717
4937 369
5333 3641
1836 5528
985 139
1897 3503
5707 480
5897 4871
1309 357
5189 1946
2885 2174
1402 4989
3577 2769
4369 750
510 4598
833 2476
5894 4645
465 1765
4285 659
3451 5609
1951 813
2409 1027
2186 4934
1435 5273
1749 623
4822 3949
3158 598
4873 580
4677 4623
4245 347
3375 3635
1806 638
4768 5394
2726 59
3027 5010
5363 210
2381 2981
404 4420
5671 1604
5699 4445
445 1218
2907 1300
5440 5982
3685 1741
861 2596
1611 4709
1560 3999
298 4417
1931 4238
392 1558
3086 4087
3312 1924
173 2426
1801 5040
221 1490
2355 3387
506 4625
4404 4933
5479 724
4599 5281
4150 3194
598 1181
3443 252
1444 1394
2416 1345
3332 3682
1113 1039
5003 5632
3455 3054
1681 5305
2745 3152
3397 637
309 2170
2670 3567
424 636
2294 2643
1426 3800
35 5825
523 2878
2224 2448
5882 5274
286 2943
3670 3280
5692 5363
4779 2475
3055 2645
5361 4066
741 2053
3322 5648
4781 1625
5694 5818
5992 4361
3484 5168
2573 2485
4171 4383
4013 2717
4080 4876
3311 4149
5224 702
5402 64
3227 1423
1698 4153
4268 5407
4398 956
3963 5487
331 5572
1792 1429
999 497
1371 5887
2320 2325
3998 4681
3827 3922
922 2452
2055 4311
1142 4241
4884 3
5166 1560
3768 5596
1599 3187
1657 4093
2922 4099
1110 4085
2162 707
1346 2136
1239 5697
1266 5341
3152 4160
1091 408
388 4607
2644 639
3024 1771
882 1995
4322 4448
4196 3843
97 5506
2527 53
3269 2110
5207 2027
1649 2459
265 3564
5837 3439
5753 2316
1583 4321
710 1751
3931 4665
3815 152
456 5068
5123 2994
5249 2938
2581 3362
695 703
2950 959
2720 5329
1548 1831
5890 1950
5867 2706
1343 4891
4796 1915
4409 1133
3570 877
2693 932
352 228
1063 1598
2763 4307
4193 613
182 3615
1336 321
2373 3499
647 1342
480 149
4736 2811
2440 4217
2682 19
369 1669
2892 5612
928 1867
575 3710
3828 1648
5464 2910
1673 1432
1866 1587
4517 3814
3932 2123
4122 4887
4009 3743
5851 341
2400 1009
2858 5519
2675 2093
370 3084
2778 4691
4713 4394
5111 3761
4867 2729
2807 1769
1158 1105
3848 3582
552 2062
5463 4729
3945 4768
4099 4954
3748 227
4097 2935
5306 653
2333 957
5047 2606
5170 1823
5661 1233
1569 890
1876 1845
2536 576
5414 4150
5582 456
5387 3247
1443 4756
2626 643
4562 5710
2548 4007
4018 1836
3969 4289
2324 4772
620 736
3580 1202
5139 1095
100 3654
3841 3353
213 2199
3987 563
5347 3262
50 186
3996 2007
3240 553
679 5671
3256 2141
1633 2149
1510 1817
5627 3067
3782 4131
1199 4624
4976 4886
1504 916
2529 358
3277 1117
1195 4851
3493 1958
4183 3154
2143 1456
2607 1397
3127 2586
1853 871
681 3706
1588 4763
2647 3472
5199 2451
3136 2825
4166 5408
577 1362
5603 753
1024 3033
2339 1162
3909 1885
3416 3656
1263 2278
5856 1311
1276 1382
2329 3614
3753 381
114 3091
5121 211
3966 2118
4843 3583
814 4413
2111 130
2503 2623
1058 5159
5096 4968
243 3853
3948 3717
5097 3537
3973 2275
4533 5378
5876 5447
164 5504
3427 4139
4469 2439
1601 1446
5858 5653
4481 4654
4914 4497
5251 3272
5168 5547
5409 2977
185 1673
2656 3379
3100 1008
3605 770
3641 4640
1825 5106
1441 798
5629 3403
4667 2899
2923 260
1872 4476
991 5136
630 1462
3112 907
3666 363
2882 4479
4959 2401
5483 5013
4410 406
707 4434
4044 2501
1413 4084
3413 3175
3148 2286
2668 1351
4259 3642
5945 2735
4299 207
2466 1410
1784 749
3745 5923
5738 4808
3866 4348
3592 1155
3154 3679
3193 4342
5525 4862
5989 1563
4173 2155
4970 1589
2262 1727
3011 1706
862 2238
1094 218
104 3458
2198 5696
3859 221
1192 402
3586 2016
2317 4966
459 1420
1637 1437
583 1450
977 189
1397 5360
2612 3377
5434 3989
4164 873
2681 2710
3021 3698
2160 2372
2422 5971
4934 2312
432 5028
2471 4840
3386 3419
1506 5822
5313 4837
4662 2905
1178 2177
5740 966
26 960
3869 5165
4922 409
5881 4515
5591 3164
2674 3875
4972 864
5084 5935
2276 5692
4475 490
4236 5512
5101 4712
5219 4811
5752 3565
4856 3186
5729 4120
543 3418
872 1426
1989 4512
2384 716
5529 1251
1912 2591
3952 3964
1508 2663
1965 4581
4485 3786
1824 2234
4172 2581
3098 4028
2349 5404
2936 5418
2608 3825
557 1865
2708 2827
2129 2274
768 835
3936 2529
15 5522
3262 4660
307 5646
1922 2468
5048 2247
4614 2708
2328 1000
4834 3674
896 2863
315 5720
2622 1650
2948 5580
2844 5182
3838 1380
2031 5724
4908 3653
933 1837
4916 29
5174 3360
2865 5322
410 3543
4929 4810
864 3451
5049 758
4592 4042
5250 2549
1348 830
3195 827
1117 2768
2020 2784
544 3399
5172 5284
261 5562
4849 176
332 1367
14 1687
3535 2720
4012 346
85 4736
4603 1402
5701 1322
3989 4720
4360 1107
2909 270
3263 5427
4328 3689
5903 2344
2071 3318
4059 1494
3126 850
5657 5681
4570 967
5864 425
5082 4525
5364 3523
5936 5550
3343 4683
5162 4664
5053 3385
5077 5680
2818 3183
776 1180
1682 3258
3083 5058
3724 2966
5023 4639
1581 3518
658 4029
5512 2322
4355 322
3078 2113
2016 3436
514 1374
611 4813
2482 1447
4523 2599
4975 1025
5875 3461
1843 217
5263 4936
3552 5200
3302 3448
5987 1173
5228 224
5310 5944
321 2506
527 3471
2122 4451
2764 3799
1589 4774
868 1875
47 3173
2518 2106
2232 5987
2849 1119
1016 4821
2879 351
4429 2494
2606 1266
1135 28
5791 1679
1896 1037
5177 471
5684 225
5637 3108
3044 5898
5350 1056
4415 1597
3500 4106
1296 1898
37 407
1479 5983
5928 5278
3950 1485
1059 980
565 520
2244 3948
304 4636
5018 4948
3619 1829
3467 2584
2027 3984
2428 4911
1061 2252
5711 2593
1532 5658
5902 386
3405 808
5533 3232
4515 2327
5872 4601
3858 4921
2079 5952
3844 578
4277 162
1053 680
4749 5651
3937 1226
5735 4620
3809 4746
2246 2296
5156 2570
5665 3704
1636 3604
4656 1378
839 889
3344 4259
2866 1198
3057 4602
3766 5118
3515 1109
2570 566
3874 275
1940 447
1540 3638
483 601
756 3086
4889 1405
2281 3684
4817 1038
2437 2469
5918 3527
5178 5209
4376 1848
1427 3104
4940 4747
803 2176
2640 746
645 4343
1293 611
2944 1546
2184 3264
2754 2248
5497 1798
5026 487
2979 3222
5081 5187
125 4400
5297 3227
3222 118
3953 1805
5718 4938
2460 2425
2505 2678
2646 5356
1259 5836
2090 3855
54 3064
2839 3284
1154 776
1141 4303
4933 1206
4946 530
4675 5333
5883 39
2717 4136
3861 673
4397 650
5011 4679
3211 3132
2468 2833
5379 5017
4714 3817
4252 1070
1978 892
1779 5369
4806 2398
385 3237
166 3287
1714 2962
5492 107
1696 3468
3502 5379
3867 353
714 243
2098 2403
2869 3781
1774 284
3233 4981
2981 1092
1365 2055
4319 3911
5748 1998
1559 1169
1483 2537
4524 4355
3048 326
4148 411
1404 817
758 1244
3770 3139
1179 911
3133 5277
4979 3694
2631 1782
5556 35
3888 718
3391 1584
2323 3621
4227 1688
128 1497
4116 1675
3155 4710
5747 1779
3962 5515
3793 4318
4370 1298
888 677
1172 3599
3604 1168
2934 5890
2479 5850
4 1846
4784 4530
4683 3394
3590 5699
3863 2412
4356 3607
3675 4151
3030 4423
4861 1132
408 2056
1394 5539
273 2918
3659 2715
5408 2595
4329 3427
4400 157
3205 2504
592 5859
317 2364
959 368
5547 1122
2376 1165
418 2923
1561 5019
757 5509
2085 120
212 4284
3999 2565
1619 1532
5889 241
2802 3022
5720 3060
4139 646
386 282
4388 4714
2136 1910
3181 1911
1998 4956
487 1020
952 3751
3509 2876
4078 1827
5265 3062
187 3562
2064 1385
1842 2873
1403 1177
2306 5402
2665 1147
4782 2638
4887 4835
4634 3306
1527 1239
5318 4868
5448 784
4575 4316
4180 2976
4022 223
3551 4847
4220 4077
3050 4475
669 4148
2388 4375
5906 5561
5885 3990
5384 5768
3919 3931
3792 88
1082 4722
4735 2650
965 1108
3546 3713
857 4421
2307 1391
4654 5012
4875 382
5983 5636
3010 3623
2275 2548
403 5123
4418 4488
5927 2665
2459 5459
1173 2930
2473 2853
3763 3081
4224 4787
1306 3940
2230 5202
486 5619
810 590
935 4025
1724 1641
2456 5125
287 3647
3178 4707
4953 1559
2432 1356
3637 1282
4032 4272
4185 1971
1462 1134
3740 1484
5094 5486
2571 763
4412 1547
4947 5567
3702 3813
2475 3763
151 4419
1130 1326
3389 575
3460 3957
3296 2973
822 3625
5308 4000
4034 559
1067 777
3834 4586
3247 2444
4506 2783
1811 1125
4720 5255
5243 3955
260 5086
1086 2540
3958 2107
5115 3570
5472 4024
359 1375
5725 844
3872 1297
2467 2394
1777 1404
696 4010
4051 5
4204 949
3742 820
1089 4718
4484 2192
845 331
2863 740
1012 5259
2822 4108
2966 5288
788 664
4906 1622
2405 1544
5015 2399
2774 2065
2893 2519
5140 3774
4852 4128
5904 1522
2952 2644
267 5844
3995 3433
3521 1696
5405 1660
169 5122
1425 2231
5880 2607
1614 4566
1246 5974
936 4363
5644 4959
3 3803
2600 2555
2028 1224
5570 159
1980 1520
4221 5164
1976 2423
651 2300
2982 1603
4722 4233
4149 3470
4199 1940
2738 5786
997 4152
3371 2957
1703 5458
5138 1933
345 1566
1020 1813
4266 5372
5127 3943
1497 2770
2633 5179
292 5852
4091 3276
4255 40
4110 2771
314 202
2411 2363
5300 2393
2931 2616
1310 4045
2231 5481
1280 2166
2451 3707
391 5253
3587 4950
1713 4229
2274 1802
4390 3557
1991 3044
5377 1788
2609 794
5112 3880
5151 3745
663 1332
288 4213
3491 1714
211 5837
4026 5685
3594 2818
5144 5808
5834 3017
407 4697
2659 4520
3173 1515
1071 3927
5521 4584
2868 1787
236 3297
2593 3271
3524 38
709 3919
1512 3316
2156 4202
4798 5467
5368 3435
5909 1458
500 4157
1500 2762
2824 3005
4868 3992
111 3158
3990 4121
1544 861
2511 3116
382 361
1573 920
5190 4426
4449 2157
4041 2866
4483 3442
4028 2416
1598 4556
998 5365
1634 194
467 251
4833 4825
1046 1469
3182 5023
4785 2671
2886 549
3316 1102
1920 4793
1723 1483
3323 2054
1231 1049
1963 3289
3679 4176
924 1088
3975 5873
3270 1260
976 5795
3970 4524
2245 5343
5806 4463
5025 5722
2916 3942
1270 2697
1869 2111
4857 855
2783 1557
3823 2456
5198 89
200 2619
4633 4893
2425 1754
1244 782
4473 4495
5750 3219
5012 1863
3309 1067
4652 3169
2759 4820
2395 2351
4425 1712
5430 2979
5997 3574
670 1554
3381 1840
1871 3273
3001 1080
2989 5373
99 5133
3528 2736
1410 4538
4101 2313
863 5968
482 3823
4669 3809
5124 2375
4123 4429
2740 1841
812 1032
3213 4325
2776 3082
5845 80
3700 2084
915 1994
3703 2511
5963 2480
4118 1512
2096 1250
5113 5857
2051 688
4646 604
2997 2649
1663 3089
344 2358
3223 5266
4181 2039
607 2983
3683 3464
3640 1246
2733 5942
2710 297
5703 5676
2705 3881
1807 5750
2683 4580
3359 2509
3142 367
3794 1539
5704 4505
3095 1264
1022 3430
490 4927
4197 2542
5879 142
3447 1748
3686 495
5700 3776
2427 1452
5664 5476
2825 5399
1523 1441
4770 5397
5634 3182
3755 660
4098 2632
5569 3657
32 3846
1494 2063
9 4468
129 129
1650 4853
3452 3110
5126 5150
964 2689
4489 3731
1409 4662
1973 1459
4598 5566
4422 5654
2265 4049
3588 712
4076 5520
252 5695
66 3767
1552 2304
5825 4263
4742 5098
2068 3893
3930 102
4311 4165
2457 1434
5473 2719
5378 4481
726 5678
1785 276
5220 2642
5981 5290
5296 83
3191 1686
2686 3736
1190 5856
1691 597
4326 1284
4232 325
5648 2732
1818 2153
3561 3699
678 1993
2372 4228
5503 3260
4774 3856
1352 2813
1629 3697
2817 5457
735 3267
4479 5219
2927 4971
5651 987
5587 1164
5033 4395
2113 2651
4387 1463
25 3639
946 799
1919 5548
437 2315
3800 2031
4406 5855
2073 4414
3555 3018
1297 455
4248 2190
1004 5854
2758 3690
4437 3624
4348 5871
2398 3784
3004 734
4585 5334
549 1480
3490 551
3710 1126
3543 571
3664 2849
1775 2898
372 1366
569 4812
5439 5948
727 499
2152 4344
3656 4529
2264 1086
3624 4699
2127 974
3035 806
4354 4690
4816 990
2752 5077
5088 928
567 5749
5606 588
313 1739
5231 4392
5385 5660
3840 3965
325 1776
1009 348
2877 2415
4060 5949
4600 1628
1399 1760
5682 2666
2843 2099
4790 1747
150 4618
376 3727
1847 388
4241 5581
4065 3826
4530 4094
5167 4506
126 3908
2954 2098
748 765
1893 730
4256 3666
3979 2420
856 4930
734 3474
5767 1035
1848 4985
5277 5813
4807 3733
319 2361
2092 371
3951 4939
1148 477
4081 2620
2138 2348
2389 1188
5553 2648
4008 964
2500 4492
2089 469
5763 181
4809 3538
5866 3070
3106 3003
4096 1317
2463 1661
5206 390
1328 5803
4942 5667
5652 2804
1279 5739
3871 2004
3705 4174
1249 7
588 5121
5407 5477
580 2263
1123 5866
1707 2507
3062 1145
2039 2264
4216 5766
4445 1957
3114 1072
3925 2571
2798 5142
2124 2517
5110 1329
5057 3457
400 4014
1654 5634
1257 2181
5583 1294
2704 4852
3026 5495
1052 4553
1489 4944
3198 4009
3526 4822
2173 1984
4225 3554
5807 5370
2195 1692
582 786
3501 573
988 2132
3300 5793
5939 2152
1630 3143
3554 2189
2613 2158
3283 5061
3565 814
538 1223
5474 4401
3589 1988
1291 278
197 400
5919 2712
4435 1314
3342 4536
3692 2187
2910 5639
4493 4567
5923 3146
4505 4692
4832 5635
2148 944
3798 4804
72 1361
1993 2785
1463 2265
1823 5149
3525 4976
4881 4107
4853 4403
2532 5239
1498 4558
2487 2941
4011 1783
4037 4235
5552 3176
2474 3836
3906 4269
5411 2470
4420 5752
680 893
5516 5201
5515 2737
4095 2205
3238 3729
2441 1676
4740 5382
2897 1577
3197 3189
2490 5995
3560 4253
3047 461
3667 1657
2419 2311
934 1130
2517 4411
778 2140
1048 1937
3806 731
158 2272
2044 1085
2768 5846
2095 2934
2660 412
2135 5171
1817 3467
1672 789
291 5861
5274 2354
4432 4788
5305 838
4381 91
2801 3865
529 3073
1461 4650
889 5261
4439 507
5924 5910
1967 1200
4442 2636
4759 1569
5633 5714
3994 2365
929 5093
387 5884
5365 323
1424 1951
900 856
1943 315
733 3094
1126 2447
1576 1672
5269 2920
3292 5374
4988 2371
1230 3830
5829 5849
3333 4075
1867 4628
2970 4323
2537 1930
1260 1142
3352 5235
458 3602
2557 2094
310 4337
110 2547
2985 3575
3471 2753
5991 292
4888 4715
3627 5967
1011 1525
336 2009
5814 3946
2833 674
1481 4187
3879 2969
5626 1973
2703 3996
4373 4072
5147 4875
2394 5503
2172 1860
4689 1535
2680 5984
1758 621
536 3910
3267 2896
2870 4666
5914 3905
2277 5226
3810 2716
4731 3696
2744 3681
2193 934
4837 2020
3274 4759
4605 2350
5050 2940
63 3512
2268 3445
4987 2848
3559 2329
4453 93
4491 3124
982 1632
3080 869
3132 3097
275 3863
4558 5485
2319 2679
61 1542
2804 1705
5438 4368
4556 1855
2816 3172
5058 4760
5278 2496
4623 2952
2899 4324
3064 5321
610 1719
5416 3874
3769 5490
177 2378
2208 3307
562 1016
1446 5210
229 5135
1694 4360
4616 527
2905 4441
5457 2558
3018 3277
2961 2897
2499 2913
438 1489
82 5679
2748 1502
5944 5432
355 733
2819 1807
362 5391
3058 279
5818 3520
3711 2995
5599 5309
478 5990
5095 5869
1701 1561
2963 245
623 3244
1143 591
3972 5858
2772 5659
3562 459
875 3598
2713 1096
606 697
2176 1436
850 2567
5099 3309
3638 1312
3646 1425
2550 5893
4050 1710
1927 4062
3245 2627
1736 3041
5901 219
1529 3577
684 2287
3498 795
5283 3711
4606 5021
5974 4299
2397 125
4290 2284
2510 4972
5733 3873
3041 4572
2789 4656
844 3429
1969 2572
4632 5100
216 2781
763 538
2444 1636
5847 1093
312 2821
773 2926
1307 2116
149 4485
3139 935
2137 4856
1766 1289
5230 3239
105 215
2663 1644
4733 2183
5205 1866
860 4516
2352 1941
5509 5127
5362 2224
2700 3338
3949 1987
5098 1477
3849 5056
90 2653
3843 899
524 1954
686 148
5302 5337
821 4517
4591 305
274 2886
5769 5216
5271 2836
4228 2144
5080 656
3882 4732
2634 3465
1224 1913
52 5065
5519 3159
3791 4350
1594 108
5142 3769
2711 2552
1608 1231
4430 4990
1121 1633
2006 1888
5462 5950
2777 4216
2957 2460
5593 3336
5373 5099
3583 5050
3532 3325
1196 3212
1125 2531
5213 2588
1047 4583
1163 203
5949 3026
3476 2202
2590 1240
439 391
820 1060
1734 1245
2272 3509
1363 417
1219 2553
5245 473
4222 4738
5128 3058
2434 314
1902 540
4885 2201
5204 2658
5466 3292
5561 4526
5620 5718
1695 570
1648 924
3816 420
4115 685
3483 2744
5911 1236
650 1151
3523 4794
4186 3550
1000 4001
1236 3506
1088 268
1972 4648
5824 3962
1437 4937
3920 5817
5116 3300
2873 828
2443 4771
3295 5280
1207 2366
5783 4190
1251 4285
3189 3590
953 4172
5697 3739
346 3892
5673 2993
3676 756
2554 1642
5157 4402
2367 3540
3036 3771
1881 5541
4141 627
4936 3431
4495 5834
2883 3224
3265 3899
5078 5184
787 2198
4710 5256
5304 4610
2150 1184
5419 4080
3415 4377
2604 5438
3513 5740
4431 2598
5244 3807
824 878
481 3610
2060 3568
2315 3074
5522 460
4814 4770
4501 3930
1906 4209
5724 2960
5784 60
297 4744
5403 313
2365 12
5726 774
2228 4145
5954 2868
3149 900
2168 21
1613 168
1865 446
5493 5862
86 4594
327 2668
2648 4510
1010 2249
1647 4595
415 3525
1124 849
2951 4696
4700 3770
858 3695
5270 5048
4094 1591
4353 1010
170 5946
4310 438
5415 5352
76 255
3025 1291
272 629
1522 330
5639 2728
513 2461
3147 3328
5109 1460
627 5381
1332 1698
4636 397
4621 2333
5426 2746
1908 264
4706 1955
4203 3185
2209 690
1577 4522
2587 329
865 2306
2263 1906
4130 4443
360 1778
3864 5914
2657 2850
5444 3775
2724 467
5374 1799
1815 1398
1406 1926
4424 1816
5183 1190
39 2133
4924 1256
633 3066
717 1740
2199 5317
1132 1478
1273 4589
1534 1176
3378 5657
3031 182
4631 4574
3632 1762
737 2885
3370 4358
1077 4796
5315 3513
534 1044
2837 3415
1750 4393
4568 3024
5931 5265
67 1377
1615 5246
1473 2239
5120 3616
68 1124
4659 755
2542 5152
5331 5591
5545 1684
2082 2859
1320 2005
4743 4776
983 5488
2932 4998
5513 3145
2108 4668
1554 4082
5777 754
2484 5915
264 132
3739 3021
3718 396
77 2817
4279 439
5706 155
826 5480
2121 4569
1830 450
5391 883
113 26
4712 3494
193 5141
1563 2262
5790 4129
5649 3480
5070 1185
3642 5781
2204 1735
2908 2030
1155 2446
4629 4797
1994 5735
590 5335
1889 2232
3157 1062
5536 5016
5941 3406
1668 3098
2756 2881
555 2601
1638 3997
725 3263
183 3755
3465 3380
2793 5594
561 2680
2145 4386
4821 4764
84 1140
851 479
1911 3861
1484 51
4628 4824
4851 3805
2347 2912
3508 489
4872 5741
3749 843
3940 2789
825 3928
956 32
5798 3858
5839 1143
3433 2289
5506 4225
4831 3759
106 3009
3837 5730
4330 4199
4275 5640
3087 4942
1763 2124
2512 1449
3052 4287
4859 4293
5608 1347
5498 536
3254 4600
5165 5947
4306 4965
338 3779
3033 1718
5922 1980
884 2235
2255 2390
5971 2472
2709 1541
3224 2102
752 5395
2617 790
2067 4279
1013 355
3305 2691
4752 3646
351 2454
3520 5303
34 2557
4379 3223
5238 2824
189 626
1486 5733
5030 3563
1631 3023
5044 1444
1386 589
4124 4013
1289 422
4727 1215
3566 4928
470 2838
1169 769
5137 141
3066 2546
3544 4005
1436 4593
2734 375
4753 5827
1942 804
2871 5524
5910 4676
5895 3898
5966 3626
2125 1228
3307 5185
2177 953
700 5652
5404 1631
1241 5385
942 937
1975 5461
5491 5245
2627 4815
3097 2534
3363 3330
1342 4527
5117 2631
3046 4212
3105 2179
1755 3368
4219 4330
3019 796
5436 5811
172 1859
5842 4784
4247 5662
1859 4582
5581 5709
3699 3217
4791 3501
5262 4356
1204 3500
579 201
1829 2915
1895 2874
2070 3687
2583 4671
3954 4753
2671 1413
5540 3845
2530 2282
2192 715
366 3151
5863 2090
335 5468
5969 2559
2737 3345
806 862
2761 2033
2751 180
2533 1806
102 4646
3778 2674
1338 508
4206 511
2321 3932
1618 2877
3348 4782
3438 3549
495 993
2939 5271
2928 3147
4827 5270
716 4155
2236 4908
1355 648
2429 3083
5223 5941
755 2335
4214 1492
3017 2037
4617 1252
542 4733
5507 1852
4218 4345
1712 4926
1514 2328
1754 173
2413 2989
4569 2230
4007 49
5554 2927
1782 5498
4297 1953
1456 3327
1627 1961
613 2220
2351 1938
4067 336
3301 4140
4459 2465
4090 1670
448 3752
1078 2681
1283 15
3040 5726
2521 2956
818 4858
5743 4428
1315 4873
5732 1516
36 1723
4581 4270
2303 2801
5819 1023
3060 2103
2430 1847
4375 2884
4257 3764
5615 4728
5994 5049
4443 4197
4371 307
1849 1499
5843 161
2569 4023
1 630
2786 4472
4765 3411
2721 2421
3420 1812
477 2488
3230 4203
5301 4955
4027 434
5722 496
740 3240
5309 3744
1317 4611
2308 4011
4531 3095
492 2075
1671 5151
662 5073
4958 5085
5899 2117
3107 4809
4476 5537
241 3371
1453 2518
5654 5556
5195 1280
3547 3584
3088 2652
4915 1921
3121 5840
2035 5348
1492 587
2059 4830
2911 3492
5616 1369
474 952
4499 2908
2273 5897
2370 4935
2836 572
1845 5234
3898 4339
5125 5828
4392 5769
3218 5117
4680 3482
3717 2924
3272 2052
1116 20
3691 2687
4644 4552
747 4986
1888 4544
3093 3118
447 1232
5393 5753
2576 5544
1369 5742
1958 2505
4886 3692
4537 1237
5279 5251
1396 3772
1138 619
4258 2437
3680 4076
2480 3441
2385 5945
1764 4521
1518 3738
3706 1268
5303 1832
2650 678
3403 1204
5594 3833
3412 606
2286 34
1261 5403
138 3319
4254 4749
3331 2901
1331 5267
2933 3290
4217 2775
5832 1135
3875 3027
4939 1195
5853 5076
2599 2576
2749 2987
1936 4752
3596 3888
4635 5892
1341 466
2623 2061
4729 5469
3617 5643
3688 1004
1139 5444
5630 2269
2958 2066
5494 4115
848 1849
2983 4867
4893 4865
1992 2270
3926 4381
1268 4439
3533 5997
5267 3956
3180 3541
1474 5555
3630 250
4395 5448
3889 662
5150 4641
793 2701
2959 4596
4691 5208
2568 5140
2003 4554
2011 1970
491 1339
2072 3392
699 812
1833 4617
4145 1269
5280 4507
5972 394
3807 655
3014 5220
2823 5799
3231 433
1228 3606
5557 4791
3008 3349
4943 374
5915 3723
2900 3594
1841 1131
4017 43
4838 1757
5173 1384
5660 5932
1074 3959
3207 2965
5600 1810
1284 5716
1812 2626
4278 5472
4402 4578
5090 2349
226 3342
2218 3106
282 3672
2379 1903
5953 1637
909 4357
5236 2633
692 3109
5869 5713
2507 359
5531 1864
2809 2767
2996 1328
5104 5638
2260 5114
145 1220
5480 4252
3893 5001
2013 1646
4755 4627
3068 2563
1988 1248
2248 886
3253 2725
5640 1758
2000 2078
5149 2104
1683 2622
4187 3668
5459 364
5574 30
116 2024
1905 2121
3482 1725
3649 3872
5756 2196
3249 1467
3124 1026
1095 5148
3006 2750
2906 5478
3977 2660
1234 4889
1985 301
5325 2353
4047 3544
2543 248
4513 3390
3217 5292
1970 3678
3673 3839
254 3181
656 5080
3209 841
3248 2865
5709 1796
682 4907
1213 1468
5007 3035
263 5236
4552 880
3727 166
2832 3455
2216 4186
2912 1590
4996 909
1218 2318
5721 124
2185 526
1459 3162
5065 3296
4971 3113
3986 5708
3965 2211
5573 122
3423 3347
3271 2772
4077 5262
4870 714
139 430
1903 3937
3824 384
560 5128
3801 1967
3934 4446
3013 4767
1729 3918
468 2740
442 298
1851 1786
5357 2759
3398 4748
2299 5139
3819 1665
800 4929
4160 829
751 3221
3720 5717
5935 757
637 3288
4167 2733
5961 4590
133 3808
132 244
2875 1715
5996 2608
5860 3961
1545 5416
1880 4734
1667 5232
5715 4754
2730 4043
2497 4878
3037 2347
3166 684
2101 444
3318 1638
5075 2773
5067 2340
2575 5465
4620 2757
4956 5573
908 481
2017 1886
804 955
4703 1363
2755 2755
361 1533
5865 3180
4952 1006
2334 3581
5751 881
3199 1111
5990 2748
270 37
4055 5007
4883 837
5621 4302
957 4412
535 3648
192 3797
1232 3903
3527 720
363 875
4682 3866
1820 1471
2099 4861
4382 4773
4270 5169
3194 1024
2673 2516
764 1729
4147 427
1555 4677
409 3397
4408 5872
1359 1078
2620 4898
4289 908
4347 2400
1961 1580
55 1160
3441 3973
3826 4542
4138 2409
1934 2543
836 5181
3634 3200
3576 4250
5192 4725
3028 5203
2167 164
2522 5045
901 2968
2201 2867
5394 3542
1140 4265
753 4132
3215 2834
5907 5831
3406 3281
289 1286
2853 5254
246 5158
367 212
5401 2793
1019 3252
4697 3859
5549 5361
2867 2359
3486 2787
2972 4469
3771 5020
5937 5719
4210 3228
828 4613
330 3878
1909 3138
2723 1711
3190 516
4411 5611
4758 3795
5786 4974
1787 5907
389 190
3164 2440
4799 5018
5810 5728
3741 1981
3495 5178
4440 5037
5543 3374
1482 1833
301 3505
5676 2001
147 2971
3822 288
1021 4621
5933 5785
122 3547
4826 4486
4391 4958
1675 4634
2841 47
5074 1904
5973 4540
2183 2194
805 5989
671 308
3751 5227
4630 428
642 1118
4963 4798
4793 5312
1092 2254
4795 1021
5672 3199
4640 3576
1570 1052
2901 5759
245 781
5653 410
107 5287
4393 1199
4539 4803
2615 2487
2692 4775
92 2414
4962 4755
2252 1861
1294 1562
3981 1691
2288 2473
3347 4705
2241 5252
3111 775
3255 4195
5076 2646
913 948
3291 816
378 2574
2538 971
877 4642
5826 3087
2134 2101
1469 435
30 463
1415 3917
2481 1315
770 5583
655 2280
626 3166
5152 5994
3616 2829
3268 4713
2946 2988
3287 4762
501 3053
5327 448
791 1389
1070 2852
1605 3670
2509 5762
5484 3765
3282 160
5929 3636
3895 2892
4243 5326
2956 4900
24 2261
1747 5134
5666 1857
2799 3214
4557 5842
2147 5812
95 865
3833 517
3912 1842
328 717
2404 1797
5036 82
2947 3882
1639 5310
3905 3434
1217 859
5108 5902
3297 3688
2649 5833
5294 701
311 2635
4767 5777
5146 4655
341 2122
3573 5177
3288 4785
2728 4626
2164 3721
65 4234
2033 97
1391 3398
1524 4518
1408 3042
2846 4850
941 1306
2712 3958
2925 4644
2343 5428
4730 3824
3038 5955
5765 4058
2318 133
2022 1390
2205 1474
2412 1593
48 2018
1405 5691
2574 5663
3134 1524
5400 2178
5950 1923
3434 2765
4190 4551
2796 1976
3365 1295
4229 4204
708 2244
2653 2258
545 2879
1748 3796
3611 3735
1428 1917
