100
246 6
320 8
972 10
107 34
387 46
404 68
423 75
900 101
629 114
284 118
895 134
642 136
294 137
305 141
219 149
780 172
593 184
832 202
656 207
611 212
473 214
457 226
531 241
16 250
482 257
790 270
486 273
417 295
408 296
175 299
209 317
288 318
200 329
877 333
955 345
164 356
427 371
326 373
314 374
196 399
658 401
106 422
703 435
457 437
446 447
659 449
125 453
779 462
335 468
730 477
419 485
463 501
256 502
231 509
944 510
880 541
80 554
304 565
999 597
140 600
532 603
543 609
987 633
312 641
163 648
597 658
717 664
398 669
475 680
851 688
451 697
725 707
810 723
139 726
339 728
306 729
775 732
730 733
65 751
894 763
66 789
489 812
421 839
520 849
753 852
804 860
40 868
541 888
597 892
515 901
681 908
517 918
445 921
271 930
123 932
584 944
745 958
543 970
721 985
304 997
