89
6 2
6 10
7 15
4 23
9 25
6 33
10 35
2 37
6 47
3 56
9 60
8 69
6 72
2 74
6 77
2 87
2 91
8 99
1 104
4 108
2 113
2 115
9 121
7 126
7 128
10 138
7 140
10 147
1 152
6 161
10 170
2 178
7 187
10 194
5 197
3 199
6 201
3 210
4 215
8 225
8 233
1 235
10 236
8 238
10 244
3 246
1 256
6 266
9 276
6 286
2 289
1 294
7 301
6 304
10 306
1 313
10 319
1 327
10 335
8 336
10 339
6 345
5 349
10 351
5 358
8 362
7 372
10 376
5 378
9 383
2 390
1 397
6 405
2 413
10 420
8 426
3 428
2 432
7 438
5 445
4 451
7 461
1 463
9 473
7 479
3 483
6 488
6 491
6 497
76
1 5
7 7
10 10
10 11
2 21
6 23
8 28
3 36
7 40
4 47
6 57
9 61
7 66
10 76
5 79
6 85
5 94
2 98
5 101
5 106
7 116
4 124
6 125
4 130
5 138
8 148
7 150
2 158
9 160
8 168
8 174
9 180
8 189
2 190
6 196
8 201
3 209
4 214
2 216
10 224
3 229
4 233
4 243
2 245
5 246
5 253
4 262
7 264
4 266
7 268
9 278
6 285
10 293
6 300
7 310
9 313
7 314
4 319
5 322
3 328
10 334
5 339
9 346
3 349
1 359
1 365
5 375
7 384
5 388
8 389
10 391
2 396
5 406
6 408
5 413
5 416
90
6 2
8 12
8 15
7 17
10 19
3 20
5 23
8 28
7 34
8 42
3 48
7 52
7 55
10 63
5 66
1 70
8 77
6 87
7 93
8 96
3 99
10 108
5 113
6 115
7 124
7 125
7 126
5 131
1 132
10 142
8 152
6 159
8 167
3 171
7 177
1 180
3 186
5 196
1 201
9 206
6 213
9 223
7 224
3 228
3 230
5 236
8 244
9 250
9 252
10 259
6 266
2 271
1 275
10 277
9 287
6 293
6 301
3 308
10 314
9 319
9 324
10 331
8 341
10 343
10 351
4 360
5 368
4 377
3 383
2 393
10 401
7 405
2 415
4 417
10 421
4 428
2 432
6 437
8 447
7 451
1 453
3 457
5 459
5 468
6 478
9 486
5 494
1 499
1 502
9 512
96
10 8
2 10
1 18
8 23
6 32
9 33
6 40
1 44
3 45
7 48
4 53
5 57
6 59
2 65
7 68
2 77
10 84
3 90
10 91
1 97
6 105
5 106
2 112
8 113
10 120
7 126
1 134
8 144
6 148
4 151
6 157
2 166
5 172
4 177
10 186
10 191
10 197
9 202
2 209
8 213
9 216
10 220
10 225
6 233
3 235
4 243
2 245
9 249
5 252
5 259
7 267
2 276
10 286
3 288
5 293
4 297
10 299
9 303
9 308
8 310
9 316
9 318
5 319
3 328
5 333
7 338
5 348
5 350
9 353
5 354
1 358
5 368
1 374
4 384
3 386
4 394
9 401
1 411
8 419
3 428
5 429
1 430
3 432
7 441
7 446
2 452
4 460
8 470
8 479
10 483
8 493
3 497
3 504
3 510
3 517
9 522
7
8 5
2 8
1 17
3 24
2 27
2 36
9 43
1
3 2
81
9 2
3 9
10 11
8 16
9 24
8 26
6 28
2 33
7 34
3 44
9 48
2 54
9 58
4 61
1 65
1 66
10 73
10 83
4 87
1 90
6 97
6 102
8 104
5 114
10 117
4 127
3 131
1 132
7 137
9 139
9 142
6 150
6 155
10 156
8 159
10 167
3 169
8 176
7 182
5 188
4 197
10 198
9 201
5 208
2 218
4 223
6 228
6 232
10 242
5 251
2 252
7 253
3 254
6 261
6 269
1 275
6 278
8 284
8 293
6 299
9 301
10 307
5 311
1 317
10 323
3 326
10 332
8 339
9 345
6 350
6 359
10 364
8 365
8 372
9 380
9 381
10 384
2 386
4 394
9 402
2 411
24
10 8
5 10
3 15
10 16
4 19
7 24
4 27
2 29
9 36
7 41
1 48
7 58
4 59
3 60
3 67
10 75
8 85
6 89
1 93
1 102
7 108
4 114
10 122
2 127
35
6 8
1 17
7 18
8 26
4 29
7 39
4 44
8 53
2 61
10 66
4 67
4 70
8 72
2 80
1 87
10 95
1 100
7 104
5 113
10 116
9 122
8 123
5 133
9 143
3 148
4 150
4 160
4 168
9 169
5 174
2 177
9 186
9 190
2 197
5 200
100
5 2
6 6
8 7
3 8
5 10
10 19
4 28
8 38
8 40
10 43
5 53
8 59
10 69
1 77
1 79
1 87
1 97
8 104
7 111
2 119
9 125
7 126
2 127
5 132
3 142
3 145
9 153
2 159
10 165
4 168
7 169
7 175
3 185
6 195
6 200
1 205
7 214
4 220
1 221
5 224
5 225
6 226
2 227
9 232
9 238
3 246
1 248
4 250
8 255
1 256
2 262
8 266
8 269
8 278
7 283
10 287
7 294
10 297
3 302
3 309
4 316
10 321
6 327
5 331
5 338
1 343
2 344
4 351
5 360
7 368
4 374
8 376
5 385
9 386
7 390
5 396
3 406
5 412
4 414
8 420
9 427
7 431
2 433
9 440
2 446
6 453
7 456
6 462
10 468
6 472
7 474
5 481
9 488
8 497
5 501
2 506
7 507
10 517
5 522
3 532
54
8 5
1 11
9 13
4 23
7 31
9 39
9 47
9 48
2 50
7 54
6 61
4 66
5 72
8 75
5 77
3 79
10 80
1 86
4 94
6 95
1 98
6 102
3 109
4 119
7 122
3 128
1 129
3 133
3 141
10 151
9 161
6 168
1 174
2 178
6 184
9 192
2 196
1 200
10 202
2 203
2 206
9 207
4 217
4 225
4 231
8 237
4 242
9 249
3 251
2 254
10 262
4 264
2 273
8 283
58
5 9
6 14
2 23
10 29
8 37
2 45
6 54
3 55
5 56
6 57
3 64
10 65
8 74
7 80
5 90
4 93
1 103
8 107
10 110
5 120
9 129
4 130
3 137
10 141
2 143
10 153
5 162
6 170
6 174
5 177
8 187
3 196
5 199
4 208
6 214
2 222
2 231
5 241
1 247
3 256
4 264
5 268
7 270
4 279
9 287
3 288
1 294
4 296
5 304
7 308
9 312
10 322
7 331
2 333
10 334
3 343
8 349
10 351
70
9 1
5 8
5 15
7 20
2 27
6 37
8 39
8 40
7 42
7 45
5 53
3 55
6 60
3 66
2 76
1 82
6 87
7 89
3 91
4 94
4 98
6 108
8 118
8 127
1 130
2 133
7 141
6 146
8 151
9 158
8 167
1 175
5 182
5 188
4 191
4 197
5 201
5 210
10 216
1 219
10 227
9 228
10 238
10 242
3 251
6 257
5 259
3 263
4 264
5 267
7 268
10 274
5 275
6 284
8 289
3 292
1 295
1 296
10 301
5 303
7 312
1 318
6 327
7 333
4 336
2 345
7 346
10 352
6 358
1 364
30
2 4
7 11
10 16
1 22
2 27
9 32
7 42
4 43
6 50
4 54
8 57
4 61
6 64
2 73
3 75
6 79
3 82
5 87
2 88
9 98
2 107
8 114
8 116
4 118
9 127
10 133
1 142
6 144
3 152
6 160
84
10 8
10 17
5 22
9 31
2 37
2 39
4 40
8 41
2 44
5 47
6 50
10 52
2 55
9 59
7 69
2 77
6 79
10 84
7 90
5 96
10 98
7 105
5 111
6 117
6 119
10 121
10 124
10 129
4 133
4 141
9 151
8 159
2 168
2 174
6 182
2 190
2 193
3 197
1 198
9 202
6 203
9 212
7 215
3 218
1 225
6 227
1 233
3 241
5 243
10 250
8 258
6 264
7 265
6 273
6 277
4 278
1 287
10 293
10 303
5 311
4 321
2 322
7 326
7 334
6 341
2 346
3 349
1 350
7 352
9 354
8 358
9 363
4 369
1 373
8 379
6 388
3 397
1 403
6 409
8 414
5 424
10 425
2 430
10 435
65
4 1
2 3
7 9
3 15
4 25
6 30
3 39
1 49
2 51
6 54
6 58
5 67
5 75
8 81
2 86
5 90
9 99
5 100
2 102
10 106
8 115
7 119
3 125
7 134
1 142
2 144
3 150
1 153
8 160
8 167
6 175
1 183
5 192
8 200
7 207
10 213
10 220
8 224
6 226
8 231
8 233
10 235
3 236
10 245
4 251
10 260
3 266
8 269
6 276
6 277
9 284
6 290
7 293
6 294
7 304
9 306
6 315
9 316
10 318
3 328
9 330
4 335
8 341
6 350
6 355
72
8 6
7 8
7 9
7 17
2 18
3 27
8 34
9 37
4 39
5 40
3 44
7 54
7 61
10 71
1 73
7 74
5 80
5 90
8 97
1 105
9 111
7 121
9 122
2 131
10 134
3 143
6 150
3 153
7 154
6 157
9 165
6 169
4 173
2 182
9 191
4 194
5 201
2 202
8 206
8 207
5 216
8 220
1 223
5 225
1 231
2 239
1 243
4 248
5 257
8 267
1 268
10 273
7 275
8 284
2 290
10 292
2 296
8 304
3 308
7 309
4 316
9 318
6 320
7 321
7 330
7 332
5 337
9 345
3 346
7 347
9 356
7 363
45
9 8
6 17
8 26
7 33
4 42
3 48
2 57
5 64
9 70
2 73
9 78
1 86
6 93
6 103
5 108
6 111
2 117
7 119
6 121
2 125
8 135
4 139
9 140
10 150
5 151
6 155
8 160
9 163
3 165
7 167
6 171
8 178
3 184
10 192
4 199
9 207
9 212
4 221
6 225
1 229
9 230
2 237
3 245
8 251
1 256
29
1 2
6 7
9 11
2 17
2 20
10 30
6 38
4 48
1 49
1 58
1 59
2 64
2 68
10 78
9 88
7 93
4 101
4 105
6 108
1 110
5 116
7 124
4 127
6 132
5 135
5 140
10 141
2 148
5 154
51
2 6
7 8
10 17
4 20
5 27
2 29
1 32
3 36
10 37
9 44
2 48
8 51
8 55
7 63
3 68
9 69
2 71
1 79
6 80
10 85
3 87
9 92
7 99
9 104
8 107
2 114
10 123
2 127
7 135
1 139
6 144
1 147
5 152
2 154
10 163
6 169
5 179
4 183
1 190
5 199
9 206
2 215
2 223
5 224
2 225
3 235
5 237
6 247
6 254
6 256
3 265
88
6 6
2 14
3 17
2 19
1 28
6 29
5 34
9 37
3 45
5 53
3 56
9 62
2 72
3 75
4 81
8 91
5 100
2 109
7 114
5 117
9 122
8 131
8 132
7 142
6 144
2 146
7 154
10 164
7 166
9 167
9 175
9 177
10 185
3 189
1 193
10 201
9 208
6 212
4 215
5 220
8 227
9 228
4 237
1 247
7 256
10 263
3 264
8 271
4 277
1 283
7 284
5 286
10 288
5 294
1 304
4 310
6 312
9 313
3 315
3 322
9 332
1 340
6 346
7 355
9 359
3 364
3 371
5 376
10 385
7 391
8 396
8 402
10 406
2 412
6 417
7 425
7 426
4 432
7 437
5 445
1 446
2 451
3 456
9 461
7 468
6 470
9 479
7 483
66
2 5
2 15
5 16
9 17
3 23
2 29
3 39
6 42
7 52
9 54
7 64
6 74
3 77
4 83
7 86
6 91
2 92
9 95
5 105
6 115
4 123
10 125
4 129
9 138
2 143
6 151
5 152
2 159
10 164
10 168
10 176
6 177
9 185
8 192
6 199
1 209
4 210
6 215
9 220
3 227
2 237
2 244
9 252
9 260
5 267
10 268
6 270
3 271
7 275
5 276
9 280
4 288
4 297
4 302
3 312
6 322
3 327
6 333
4 340
1 342
2 344
2 353
6 362
2 369
2 371
5 372
8
2 9
10 16
4 20
3 21
9 25
2 27
6 37
9 44
13
10 9
2 11
8 18
8 27
5 32
5 37
4 41
7 47
8 53
3 58
4 59
8 68
4 71
85
9 6
7 11
9 13
8 15
5 17
8 23
10 28
2 35
10 42
10 49
8 55
1 65
3 72
8 80
3 82
6 85
9 95
6 96
8 98
3 103
10 112
2 115
7 119
10 121
8 131
3 137
7 142
5 149
1 154
8 156
3 161
6 169
7 173
4 174
8 176
10 184
10 185
3 187
5 191
8 195
9 201
4 204
7 213
5 223
3 226
3 230
10 238
7 244
1 252
8 255
5 261
4 267
9 276
1 279
3 286
10 296
3 305
1 308
3 318
3 324
1 330
4 333
1 340
1 344
9 346
10 350
5 358
7 360
4 364
10 370
3 375
4 385
5 391
10 396
4 406
3 416
5 418
3 419
2 423
4 430
7 433
5 443
8 445
4 453
6 456
68
2 7
10 12
7 20
7 24
4 32
3 40
7 47
9 51
3 55
8 62
9 70
5 75
8 81
1 88
3 89
9 96
7 100
4 103
4 109
3 118
6 122
3 130
8 131
2 140
2 142
6 152
2 162
10 170
9 178
8 188
1 198
6 200
2 205
7 207
8 213
4 220
10 226
9 227
8 237
6 240
10 250
8 253
9 254
6 259
6 268
7 278
10 286
1 296
9 298
6 300
10 307
4 314
10 319
7 327
8 328
9 337
8 338
5 343
10 353
5 359
2 361
1 370
7 371
9 375
10 383
5 393
7 394
9 395
90
2 6
10 16
9 22
1 28
2 33
10 41
10 42
8 52
9 58
9 61
10 71
10 74
6 75
7 85
5 88
4 97
5 98
8 99
2 104
5 107
1 111
3 121
3 129
7 136
10 142
5 146
5 151
9 157
5 160
7 161
8 168
4 176
9 178
3 188
1 190
5 197
6 201
2 208
5 211
1 218
10 223
3 225
3 229
3 239
7 240
4 249
6 255
9 259
9 264
6 270
2 277
2 284
6 287
5 291
9 292
3 295
6 304
1 310
3 319
8 325
2 334
4 340
10 348
10 356
3 359
10 365
10 369
7 379
6 386
5 394
7 400
3 404
9 406
10 414
3 422
7 429
9 437
6 444
9 454
9 456
6 463
6 468
6 473
4 480
1 490
4 496
1 503
5 512
2 518
2 519
90
6 2
3 3
4 6
4 15
8 24
6 33
5 42
8 52
2 59
7 66
5 71
2 76
4 85
1 86
8 88
7 94
1 95
3 96
4 99
1 105
10 107
3 115
8 122
8 125
6 131
4 133
2 143
9 147
7 155
5 159
2 165
8 171
10 179
4 188
4 196
4 199
10 201
9 209
8 219
2 226
1 228
5 234
8 237
2 246
4 253
4 255
8 265
3 272
9 276
3 282
7 290
8 299
8 309
7 318
9 322
8 329
8 338
9 345
6 352
2 360
9 368
4 378
4 387
3 397
7 407
7 409
1 413
9 416
6 426
8 432
5 442
9 448
6 457
1 462
4 470
8 479
9 482
4 488
2 491
2 496
10 506
2 516
10 524
6 533
5 539
3 549
4 555
4 565
1 566
3 572
92
6 1
10 3
10 7
9 11
2 13
10 15
6 16
5 26
2 32
3 39
3 42
9 48
10 54
8 59
2 64
10 73
8 75
8 76
8 83
2 91
9 99
2 103
10 111
1 117
7 120
9 121
5 131
10 140
3 148
5 153
2 156
1 160
10 169
9 170
4 179
9 184
9 188
4 197
7 203
1 209
6 216
10 218
6 227
9 234
6 235
3 239
9 244
9 249
4 256
5 262
4 264
10 268
2 273
7 276
1 283
5 290
3 300
8 306
1 314
5 315
9 317
3 323
2 329
6 332
9 334
9 336
2 344
6 349
2 357
1 362
4 372
2 373
8 375
5 382
4 387
1 394
10 399
10 407
9 411
2 419
7 420
8 427
4 433
3 440
9 448
5 457
1 461
7 462
9 472
7 474
4 479
4 488
72
3 6
4 16
2 20
4 25
10 35
5 40
2 43
6 46
6 54
1 61
1 65
9 71
1 74
8 79
5 89
9 96
5 105
4 110
10 117
7 120
10 129
1 130
8 138
10 139
6 149
7 157
8 163
1 166
2 169
7 170
4 171
3 178
6 182
8 185
6 190
9 193
2 201
2 209
10 210
9 214
9 219
5 225
7 235
6 241
5 250
8 253
9 263
3 264
7 274
6 279
7 286
10 290
4 298
10 301
7 309
8 319
5 327
5 337
1 341
9 350
5 351
5 356
10 362
3 367
1 373
4 374
6 378
10 380
9 386
4 392
3 398
3 407
23
10 9
2 11
5 13
8 20
4 22
4 31
4 37
7 40
2 44
5 45
10 55
8 56
7 64
8 72
4 81
4 88
8 89
4 92
2 100
7 106
5 111
8 116
10 124
94
8 7
3 12
10 22
10 28
7 33
4 36
4 45
2 46
6 56
1 62
7 69
7 78
1 85
8 90
8 99
5 105
7 111
1 115
2 121
5 127
7 129
2 134
6 139
9 143
3 145
2 154
9 164
5 169
6 177
7 181
7 189
6 198
8 201
3 205
5 214
2 219
6 228
5 233
2 235
4 245
3 251
4 259
6 265
8 274
4 280
4 283
7 290
5 294
4 303
4 310
2 314
7 319
3 328
3 337
9 341
3 348
1 358
3 359
3 369
4 376
7 386
9 394
7 404
10 412
4 414
4 420
10 421
8 423
8 424
5 430
7 433
3 436
7 440
5 446
7 451
5 455
1 456
1 458
10 462
7 465
9 470
9 471
10 480
6 487
9 490
7 498
5 505
3 514
2 518
4 519
6 525
7 527
3 528
6 531
44
6 9
7 11
3 13
9 22
1 24
10 33
9 41
1 51
9 56
8 63
4 68
5 77
5 83
3 89
1 91
9 99
10 103
10 113
8 115
1 121
3 131
1 139
9 145
6 150
10 152
5 155
4 158
5 159
4 166
8 173
6 180
1 186
1 195
1 203
2 212
4 214
7 217
7 226
3 231
5 234
7 240
9 247
3 249
1 256
40
2 5
5 7
9 8
10 14
4 20
4 30
10 38
1 42
1 47
1 48
7 55
3 63
3 70
6 80
7 81
4 91
10 95
10 97
2 103
1 109
2 118
3 121
9 130
8 137
10 138
5 141
8 143
6 151
2 153
1 163
10 170
5 176
10 184
4 193
6 195
2 198
6 203
4 205
10 208
4 213
68
9 10
5 13
2 15
7 25
5 26
5 35
7 38
1 41
1 47
7 57
5 61
3 69
6 73
10 78
4 82
9 91
9 92
1 94
10 102
6 110
3 115
3 119
2 129
4 137
10 147
5 153
10 155
6 161
1 165
3 169
8 174
3 179
5 184
10 185
4 188
4 195
10 202
7 205
3 210
1 213
7 222
6 225
7 235
10 242
5 247
3 248
9 252
9 260
6 269
7 270
8 272
5 273
10 283
2 291
8 300
9 301
8 305
2 306
9 310
5 311
1 317
1 319
4 323
10 330
9 339
5 347
6 349
2 353
91
3 1
2 4
3 5
5 13
10 18
3 26
1 30
5 39
6 43
1 53
8 60
6 62
6 72
5 79
6 84
5 88
1 93
1 96
2 101
9 106
4 114
7 120
3 130
7 133
5 142
7 145
1 147
6 150
4 160
7 166
9 175
10 183
1 187
6 193
7 194
8 203
2 205
10 213
3 219
6 226
8 234
10 235
3 241
8 242
5 250
2 257
5 260
9 269
4 277
10 279
9 285
6 286
5 292
4 300
4 304
2 312
3 315
10 324
7 330
2 332
1 339
5 341
3 348
2 351
5 359
9 361
9 364
5 370
9 380
10 388
7 392
7 395
4 399
9 406
10 412
4 414
8 420
2 425
5 435
5 439
7 440
7 450
6 453
1 456
3 464
4 473
5 474
4 477
4 482
1 483
1 488
89
2 1
3 3
1 13
5 21
3 25
5 27
9 35
8 42
3 43
2 44
3 48
4 49
8 59
4 63
8 64
6 74
9 77
4 86
5 94
8 95
6 104
2 106
1 112
5 115
1 117
8 122
8 125
2 132
5 134
3 136
10 139
3 140
8 145
3 153
1 162
8 171
9 179
5 189
10 190
7 196
10 201
8 207
1 209
5 219
10 222
2 228
5 234
3 241
5 242
10 248
3 255
3 257
3 264
10 268
3 270
10 279
1 289
4 293
10 298
7 301
7 302
9 306
10 310
9 312
2 318
3 328
9 337
10 339
3 344
9 345
10 347
3 349
9 351
8 352
6 361
2 363
3 370
9 380
5 382
1 392
9 399
2 400
2 401
4 408
1 413
2 418
9 426
4 435
4 444
14
10 7
9 13
5 19
1 28
6 29
3 32
1 34
5 41
9 51
5 58
3 61
9 69
3 70
9 74
66
6 4
10 6
1 14
3 24
8 34
8 44
8 54
10 59
5 64
4 73
9 81
10 87
10 91
10 92
6 93
2 94
5 101
6 110
1 119
7 120
1 121
6 125
4 127
1 137
8 143
2 148
6 158
8 160
2 162
2 166
6 175
4 185
8 190
6 196
7 200
2 209
8 218
1 228
4 230
9 232
5 241
8 242
7 246
7 255
5 263
9 269
8 278
6 285
6 290
3 291
4 296
10 303
10 312
8 316
6 323
2 329
8 335
1 340
9 347
1 355
5 357
4 363
7 367
1 376
1 382
4 388
10
1 10
3 11
7 19
10 29
9 31
10 41
4 50
9 52
5 56
9 65
49
7 6
3 16
1 18
1 21
9 24
5 34
3 38
3 40
5 41
1 44
7 45
4 47
10 56
10 57
10 64
8 66
3 71
8 78
10 88
8 89
3 97
4 100
10 108
2 118
6 127
8 134
7 138
3 141
9 142
6 145
9 150
2 159
4 164
4 169
8 176
3 180
9 183
5 190
7 195
7 197
6 199
5 203
2 206
3 216
3 223
6 225
5 226
5 235
9 237
43
7 8
5 16
5 21
9 23
5 27
7 34
6 35
6 39
4 45
2 50
10 59
3 66
10 76
1 85
8 94
10 101
1 104
10 109
6 115
2 123
6 133
8 138
3 140
1 149
8 150
8 155
4 164
8 167
4 171
6 174
3 180
7 182
5 183
6 188
9 190
1 195
4 197
4 201
2 211
9 213
7 222
2 231
2 234
6
8 7
7 10
1 20
7 21
7 30
10 33
12
9 4
1 7
10 10
10 11
9 12
10 16
7 18
10 28
7 29
1 36
2 39
10 46
54
3 4
1 10
6 16
7 21
7 25
1 33
7 39
1 40
2 47
4 54
2 59
6 66
5 69
6 79
6 85
10 93
2 102
1 107
1 108
3 114
7 120
9 130
2 131
7 133
4 141
4 148
5 151
9 158
3 162
8 168
5 169
7 172
10 178
9 187
7 191
5 194
7 204
8 211
10 217
8 226
1 235
6 241
4 243
9 248
7 258
3 263
5 272
2 274
6 277
3 278
4 283
7 287
8 296
2 304
11
3 8
6 17
6 25
4 35
4 44
1 45
9 46
1 53
10 58
8 67
6 69
75
4 4
9 8
8 15
7 17
3 25
7 29
7 32
3 38
9 45
8 52
9 60
5 61
1 63
3 69
2 72
9 73
5 74
1 80
4 81
6 89
6 97
8 101
8 109
8 118
8 123
2 129
4 132
7 134
5 135
2 145
2 149
2 151
9 153
2 158
8 167
3 169
8 177
3 178
7 183
7 193
10 195
9 203
7 213
7 222
6 230
4 233
7 242
3 252
4 256
3 266
7 275
9 283
7 291
4 301
1 311
6 315
5 322
5 325
1 332
1 341
5 348
7 356
7 360
2 368
10 376
3 384
4 387
8 392
8 401
2 406
8 415
3 416
6 418
9 420
4 422
66
7 2
5 4
4 13
2 16
9 18
4 20
8 29
1 37
5 41
5 44
1 48
9 53
8 60
8 69
9 71
7 78
6 80
3 90
10 98
7 103
10 106
5 109
9 118
1 126
9 130
8 140
4 144
10 150
1 155
8 160
3 170
4 180
10 184
5 186
1 192
1 193
4 199
9 205
10 213
5 221
4 227
2 232
3 239
10 245
8 246
10 248
9 257
7 264
8 274
9 283
8 287
8 292
1 299
10 302
1 305
1 307
9 315
7 319
2 324
7 334
4 339
10 342
5 352
1 354
2 359
1 363
15
7 4
7 6
4 11
5 16
5 26
3 31
1 40
10 47
5 48
7 58
6 61
6 63
9 65
8 68
6 69
8
3 7
5 10
9 12
4 18
3 21
10 30
10 40
10 49
98
8 8
7 9
3 13
1 17
4 26
10 27
7 29
6 39
1 42
2 51
4 59
4 65
5 68
2 71
2 74
5 84
10 90
6 98
4 103
5 105
9 110
4 113
5 123
5 133
6 140
2 150
1 155
6 158
9 159
7 161
5 167
3 170
1 176
3 179
3 182
6 192
10 198
4 202
5 210
3 218
6 224
5 229
7 237
4 238
5 240
10 244
3 252
1 261
8 263
10 269
3 279
6 284
1 294
6 296
5 298
10 303
4 311
6 314
4 321
2 328
7 338
6 343
2 347
3 354
9 358
3 365
7 375
3 385
6 395
5 397
7 406
3 409
8 415
8 417
2 423
1 426
3 429
3 437
8 439
4 446
6 453
4 454
2 459
4 469
1 470
9 480
8 489
3 499
9 507
9 515
1 516
9 522
6 526
3 534
3 538
3 542
1 546
10 556
53
3 2
8 10
3 12
5 13
9 20
1 30
10 39
2 44
10 51
9 58
9 65
9 68
6 74
7 77
4 81
8 87
2 96
3 102
7 103
5 106
5 111
2 118
4 127
8 135
7 136
7 143
5 152
2 154
4 163
3 173
10 182
1 185
10 194
6 198
9 202
7 210
6 217
2 224
1 227
1 233
8 238
1 248
4 254
5 264
3 268
3 277
10 285
10 294
10 296
1 305
5 313
4 314
2 319
35
2 3
5 7
1 17
6 23
3 26
8 29
10 34
1 39
1 47
2 52
1 62
1 63
3 70
1 74
3 78
5 81
9 86
5 88
4 97
6 104
8 110
9 112
5 122
6 130
5 133
6 136
5 145
10 152
6 155
9 161
2 165
5 170
1 174
6 180
4 189
17
3 3
10 5
3 11
8 14
10 17
1 22
2 30
10 33
6 34
9 37
10 44
10 53
8 55
4 62
9 70
4 78
3 88
57
1 9
3 16
10 23
9 30
8 35
3 45
3 48
3 53
1 62
10 66
2 72
1 80
6 88
6 94
1 97
4 99
8 100
6 109
1 119
9 129
1 138
6 146
5 149
7 159
10 162
4 168
3 177
7 184
1 190
6 199
10 203
7 212
10 222
6 230
2 232
1 239
6 244
2 248
3 249
5 255
10 258
10 264
10 274
6 276
10 285
1 294
4 301
1 308
7 314
10 324
10 330
1 331
6 341
2 351
1 361
9 367
3 373
66
4 7
9 8
6 16
4 22
6 30
3 37
4 44
6 53
1 63
5 66
4 68
3 70
8 76
1 83
9 87
3 93
3 98
5 103
5 109
10 118
5 122
1 132
8 135
6 144
10 146
1 147
9 150
7 151
5 153
6 158
6 167
7 174
5 184
9 188
6 192
2 199
2 203
8 209
1 212
9 221
5 223
10 224
8 233
2 237
7 240
8 245
8 246
9 254
8 264
4 273
1 275
3 276
3 277
3 285
9 295
3 301
8 306
1 308
4 312
7 315
10 316
2 319
5 329
10 331
8 337
3 340
34
6 10
9 16
1 18
7 23
2 32
6 35
3 39
5 40
6 48
6 54
5 63
3 73
8 81
10 84
4 90
8 91
10 93
6 96
6 98
1 108
1 114
3 118
4 120
5 130
9 137
4 142
6 146
7 156
2 160
10 165
6 175
6 179
9 182
1 188
44
3 8
4 18
2 26
7 28
8 36
4 43
5 53
9 63
9 71
5 75
1 79
4 86
7 90
7 98
4 108
7 110
5 119
4 120
4 130
8 138
2 142
5 148
1 149
5 154
3 163
8 165
8 172
6 175
4 176
8 183
3 191
3 195
3 202
6 205
6 210
10 217
4 223
6 226
9 231
5 238
6 241
9 243
2 253
4 262
11
8 5
6 7
10 17
8 25
3 31
2 36
3 45
9 48
9 55
3 56
2 64
93
9 6
4 11
6 16
4 17
7 26
5 32
6 36
3 40
2 44
4 52
7 60
10 70
9 79
2 83
2 85
5 89
6 93
7 95
3 96
3 99
5 101
2 102
6 103
8 107
1 113
2 119
1 125
7 135
7 138
4 140
4 145
2 146
8 150
8 151
6 156
6 166
4 171
7 172
6 175
10 184
2 193
8 201
10 205
5 209
2 219
9 225
6 232
5 237
8 244
4 246
9 250
7 254
9 256
5 265
10 274
5 276
3 282
9 292
9 293
1 300
2 308
5 318
7 328
6 329
3 330
3 339
9 345
6 351
2 360
10 369
5 377
10 379
9 387
3 390
5 393
3 398
9 404
2 408
8 414
1 422
4 429
10 436
10 441
2 447
6 453
4 455
3 465
5 468
9 476
9 481
8 491
2 499
1 506
10
7 4
9 11
3 20
8 30
1 38
4 40
10 48
1 58
4 65
2 74
75
8 2
2 10
9 16
8 22
4 27
10 34
6 40
9 47
7 56
5 61
2 67
4 74
1 84
1 89
8 91
4 96
9 100
2 107
10 109
7 110
5 111
6 113
9 115
1 119
8 127
3 132
9 142
9 145
10 153
1 155
7 164
1 165
5 175
5 183
4 193
10 195
9 205
5 206
7 212
2 222
6 231
10 238
7 246
5 254
8 260
1 267
3 277
8 278
9 280
10 286
3 290
7 298
2 300
1 304
5 310
6 320
8 323
10 327
9 335
4 344
4 351
5 357
7 362
1 368
2 370
10 379
2 384
4 389
9 398
5 408
6 415
7 425
3 434
10 438
9 439
80
8 1
5 4
4 8
9 14
2 22
5 31
1 37
2 38
1 46
2 53
1 54
1 57
8 67
8 70
3 72
8 81
1 91
6 92
7 95
1 96
10 98
4 104
9 113
1 123
7 130
2 137
5 140
8 148
1 150
10 157
8 167
4 176
1 183
7 184
9 192
7 193
10 197
6 202
9 212
4 222
9 224
6 232
3 235
10 240
5 249
2 256
7 260
10 265
4 266
7 267
5 273
4 280
10 282
7 290
10 291
6 292
7 296
9 302
9 310
10 312
10 313
3 322
3 327
2 328
1 337
5 347
2 356
1 359
1 363
5 368
8 371
7 373
6 376
3 382
1 383
6 387
9 395
3 398
10 401
6 405
94
8 7
4 15
3 17
10 22
2 31
8 34
4 43
5 47
8 55
8 57
5 61
2 66
7 70
7 80
4 81
1 84
1 94
6 103
7 106
4 116
7 118
1 128
3 134
9 144
3 149
9 150
10 151
4 155
2 162
10 168
9 170
4 179
5 182
9 183
4 186
9 195
7 198
10 207
7 210
10 216
9 225
9 231
9 239
6 247
5 256
8 260
4 265
1 269
1 277
7 279
6 282
5 287
9 290
1 298
3 305
6 311
5 317
4 322
9 327
4 328
6 330
2 331
4 332
8 341
2 345
6 354
8 364
10 372
2 382
7 390
6 392
5 395
2 400
6 404
3 407
4 416
2 419
4 420
4 421
7 429
10 434
2 435
2 442
8 450
10 456
2 463
10 473
6 478
7 485
1 488
6 491
3 496
3 505
9 515
79
3 7
9 13
7 20
8 24
6 32
3 33
8 35
5 43
1 48
4 55
10 61
7 67
5 73
4 79
1 80
1 90
3 99
9 105
1 111
6 112
1 116
1 122
3 127
1 131
2 138
5 141
1 150
9 158
7 167
4 174
1 180
10 182
6 191
10 193
5 200
4 208
5 213
7 215
9 220
5 229
5 236
5 241
8 244
3 252
2 257
7 258
9 260
1 264
10 268
4 277
5 287
2 297
9 303
4 310
7 318
10 321
6 322
3 332
8 336
7 337
1 343
2 346
10 347
1 354
7 362
4 370
9 380
10 382
1 387
6 392
6 394
4 401
6 408
9 418
8 421
1 430
7 438
3 444
9 446
93
1 3
1 11
1 21
5 28
6 38
4 43
7 51
10 52
8 54
5 57
3 59
10 61
5 66
5 76
3 77
9 78
3 81
3 87
3 92
7 94
2 103
3 112
3 117
6 127
8 137
5 138
4 145
3 152
2 155
7 161
5 163
5 166
2 167
7 170
8 176
6 186
5 194
8 203
8 209
9 214
10 219
10 222
8 228
10 236
5 239
3 240
3 245
8 248
3 254
5 261
1 269
3 277
1 287
2 289
5 297
9 304
10 313
3 315
5 322
2 327
9 335
3 345
7 353
5 356
1 363
4 372
2 374
6 381
1 390
1 392
5 398
7 408
5 411
4 419
3 429
5 431
2 438
6 443
8 447
2 451
3 452
6 459
4 465
1 467
2 475
7 482
9 485
3 489
7 491
4 492
9 501
10 505
1 509
