84
293 4
771 6
759 13
486 21
985 26
74 30
986 32
442 39
43 49
762 59
167 68
680 73
782 74
486 79
690 83
81 92
385 102
686 106
317 109
686 114
769 115
479 117
285 119
837 125
835 133
472 138
802 141
848 143
299 149
6 156
42 158
245 168
759 177
697 182
366 184
415 189
92 192
101 202
972 205
947 206
641 211
146 212
772 213
868 223
335 224
133 234
75 240
480 248
7 257
212 265
355 267
17 272
4 274
46 284
48 287
141 294
228 303
617 304
892 307
862 312
36 317
778 322
308 332
618 334
841 343
416 348
697 355
692 356
511 362
265 370
321 380
250 389
718 392
724 402
947 411
413 418
896 420
397 429
999 432
956 438
324 442
572 443
315 447
873 453
