100
0 3
2 4
59 35 48 35
90 75 82 75
2 4
71 30 51 30
1 36 9 36
1 1
99 12 45 12
0 0
4 3
57 61 60 61
17 45 66 45
35 61 6 61
78 52 80 52
3 4
73 93 96 93
54 46 14 46
24 21 86 21
8 4
100 61 100 61
39 30 27 30
84 38 2 38
9 6 68 6
1 28 92 28
27 69 59 69
84 48 73 48
21 47 74 47
5 5
74 60 11 60
39 61 74 61
57 15 36 15
23 80 43 80
52 75 99 75
3 1
66 6 49 6
70 15 50 15
95 91 14 91
7 2
43 97 7 97
68 88 15 88
82 19 58 19
18 48 82 48
16 73 50 73
41 57 28 57
68 72 76 72
5 1
37 4 83 4
52 43 66 43
10 92 95 92
55 47 35 47
37 32 85 32
5 1
98 74 30 74
57 76 20 76
84 50 40 50
89 99 3 99
57 53 5 53
2 4
63 20 66 20
84 11 12 11
7 2
94 34 29 34
14 83 73 83
71 75 60 75
25 0 14 0
6 85 81 85
21 55 12 55
1 45 11 45
8 3
54 44 7 44
20 29 70 29
44 58 23 58
53 16 63 16
50 70 96 70
92 34 19 34
18 46 100 46
100 63 10 63
1 2
93 89 5 89
3 1
77 20 41 20
63 45 60 45
47 63 60 63
9 4
62 57 72 57
38 74 18 74
56 24 91 24
19 70 60 70
58 49 35 49
8 61 74 61
62 80 69 80
15 87 58 87
91 73 61 73
0 3
10 2
57 17 31 17
11 85 87 85
74 33 15 33
8 64 8 64
82 45 55 45
41 47 30 47
50 32 15 32
74 83 31 83
96 73 87 73
30 13 94 13
1 4
52 96 61 96
1 4
65 10 32 10
5 1
29 55 92 55
66 49 11 49
38 79 50 79
51 69 38 69
53 40 61 40
0 4
1 3
86 75 49 75
5 2
79 36 55 36
96 18 63 18
37 74 13 74
95 3 61 3
33 64 6 64
1 4
86 72 60 72
9 0
13 62 71 62
22 17 7 17
62 32 34 32
37 80 66 80
81 61 53 61
80 14 90 14
63 25 40 25
14 7 86 7
43 30 57 30
5 1
31 81 11 81
13 79 28 79
90 74 79 74
62 86 36 86
23 23 86 23
2 3
98 8 5 8
52 9 43 9
3 4
23 13 15 13
93 5 8 5
6 91 34 91
4 2
95 53 84 53
84 40 69 40
26 53 0 53
95 24 40 24
6 1
68 44 95 44
89 94 1 94
60 58 79 58
14 38 22 38
0 8 42 8
66 6 86 6
8 3
69 53 80 53
69 69 14 69
73 3 78 3
87 71 64 71
9 95 55 95
6 15 27 15
98 29 62 29
92 69 37 69
2 1
24 90 52 90
11 44 90 44
1 4
17 78 97 78
9 1
46 75 0 75
11 31 40 31
99 25 4 25
19 15 25 15
62 94 89 94
20 65 78 65
66 46 91 46
92 15 66 15
64 42 57 42
9 3
58 26 54 26
40 4 35 4
80 7 20 7
39 7 59 7
20 64 16 64
45 70 60 70
44 40 68 40
84 20 59 20
95 39 88 39
10 1
90 44 57 44
63 5 71 5
29 41 26 41
90 73 71 73
90 40 39 40
90 39 31 39
57 73 35 73
75 74 74 74
14 27 20 27
68 37 91 37
5 1
91 52 20 52
65 69 44 69
9 8 8 8
3 31 36 31
70 39 14 39
1 3
72 69 20 69
6 3
54 55 10 55
5 46 97 46
97 53 73 53
68 37 69 37
39 81 5 81
17 31 6 31
8 1
32 1 48 1
44 61 51 61
76 35 40 35
84 62 94 62
100 56 5 56
86 31 39 31
28 61 3 61
39 3 2 3
5 4
94 73 40 73
61 88 81 88
58 8 60 8
79 59 46 59
59 82 57 82
7 2
1 34 27 34
23 37 77 37
87 73 12 73
63 18 89 18
54 78 90 78
97 90 20 90
80 85 95 85
9 3
19 26 62 26
25 79 73 79
17 48 71 48
8 86 81 86
12 57 31 57
47 19 76 19
73 2 100 2
65 17 69 17
7 68 27 68
8 3
37 23 78 23
64 20 23 20
97 2 28 2
77 5 15 5
1 64 35 64
34 42 41 42
9 70 55 70
34 88 66 88
5 3
5 26 47 26
43 49 86 49
9 71 57 71
78 85 86 85
29 64 86 64
7 4
77 91 87 91
91 44 52 44
11 82 35 82
43 0 17 0
66 6 77 6
9 68 39 68
81 14 15 14
0 2
0 5
6 0
91 43 64 43
2 39 24 39
65 2 78 2
83 63 14 63
55 46 98 46
21 78 30 78
3 2
61 98 10 98
76 46 15 46
71 78 100 78
6 3
95 29 69 29
57 55 29 55
71 55 25 55
49 67 95 67
77 45 62 45
80 99 75 99
2 3
91 92 59 92
51 45 49 45
9 5
18 20 25 20
73 63 94 63
4 3 64 3
56 45 54 45
6 13 100 13
60 17 5 17
66 32 33 32
65 43 41 43
22 17 68 17
5 3
80 0 44 0
34 13 38 13
83 89 73 89
64 51 65 51
73 96 74 96
5 2
11 82 90 82
45 87 11 87
76 42 4 42
94 16 7 16
21 59 12 59
1 3
58 73 69 73
9 3
30 38 81 38
100 20 77 20
17 18 39 18
58 96 20 96
19 30 38 30
12 5 20 5
77 88 76 88
0 43 45 43
80 49 46 49
7 1
56 92 9 92
89 6 86 6
49 75 63 75
76 91 26 91
79 55 20 55
5 79 52 79
70 73 2 73
6 5
88 31 80 31
39 5 48 5
65 77 0 77
76 15 22 15
6 3 67 3
35 80 70 80
4 5
64 48 30 48
87 10 8 10
14 92 14 92
31 81 37 81
0 4
2 4
26 21 27 21
23 87 85 87
9 4
61 17 4 17
18 45 36 45
19 62 89 62
55 52 91 52
73 97 100 97
87 15 84 15
37 17 28 17
97 72 74 72
3 81 65 81
7 4
12 38 72 38
65 89 92 89
3 45 77 45
1 42 23 42
16 50 92 50
24 91 75 91
21 77 3 77
2 3
81 33 85 33
54 87 99 87
6 1
81 37 37 37
3 40 56 40
12 90 32 90
20 13 94 13
85 45 89 45
22 56 63 56
6 2
2 14 86 14
27 68 29 68
56 61 96 61
79 82 42 82
74 52 14 52
2 75 1 75
3 5
46 5 77 5
63 68 2 68
97 71 50 71
3 4
65 26 60 26
84 75 46 75
35 48 1 48
6 2
38 29 3 29
60 43 88 43
93 53 38 53
1 87 97 87
44 33 70 33
60 56 50 56
0 2
2 5
86 61 96 61
58 41 8 41
3 2
8 30 87 30
78 59 93 59
22 56 28 56
9 1
30 87 73 87
23 45 19 45
89 3 57 3
100 62 6 62
26 12 17 12
23 96 49 96
5 34 8 34
28 49 52 49
41 60 92 60
3 2
40 55 95 55
83 80 79 80
59 32 87 32
9 1
94 13 72 13
77 18 47 18
3 45 4 45
86 1 14 1
21 80 82 80
78 30 66 30
78 84 92 84
24 2 50 2
8 36 3 36
7 2
18 18 30 18
74 6 13 6
53 81 36 81
16 13 90 13
3 82 18 82
25 35 57 35
54 87 66 87
9 5
11 56 15 56
80 7 90 7
87 39 82 39
55 45 67 45
28 98 95 98
73 27 59 27
13 60 20 60
49 23 36 23
48 95 69 95
7 5
24 24 51 24
90 33 48 33
54 34 57 34
35 29 17 29
22 74 92 74
81 69 65 69
27 6 77 6
7 4
34 48 4 48
2 62 84 62
54 57 60 57
78 70 64 70
76 16 87 16
42 2 79 2
44 51 4 51
3 0
24 51 98 51
62 37 7 37
96 34 86 34
2 1
5 17 99 17
7 30 22 30
8 3
8 14 26 14
22 18 56 18
63 45 11 45
76 6 33 6
28 87 69 87
57 8 87 8
80 63 100 63
62 59 59 59
2 5
23 24 4 24
26 79 41 79
3 5
38 21 73 21
5 35 60 35
36 98 67 98
2 4
35 67 95 67
20 36 28 36
5 1
22 11 10 11
71 67 84 67
82 49 1 49
60 29 94 29
61 87 75 87
9 4
61 78 30 78
15 69 54 69
39 10 99 10
41 69 3 69
26 23 17 23
19 76 86 76
5 6 48 6
96 57 8 57
96 88 57 88
4 2
41 82 66 82
95 0 28 0
62 66 5 66
42 60 95 60
2 2
34 81 62 81
0 39 11 39
3 2
82 31 85 31
20 47 56 47
100 37 43 37
4 2
58 34 88 34
39 51 95 51
42 78 61 78
8 21 15 21
1 2
47 33 63 33
1 3
14 82 28 82
4 5
22 52 11 52
26 58 1 58
77 97 11 97
37 52 90 52
2 2
48 41 31 41
76 39 84 39