500
1 6885 10 460 244 129 100 48 38 27 11 8 2
2 4665 5 245 23 7 4 3
3 4119 6 452 173 107 34 33 6
4 1437 7 458 55 17 14 13 12 5
5 7206 4 332 192 185 9
6 9129 4 253 72 61 52
7 2596 6 327 184 42 25 18 10
8 3936 1 195
9 6914 4 344 333 115 53
10 6893 2 430 154
11 3310 5 439 409 79 46 28
12 5840 6 426 285 39 24 19 15
13 2381 5 447 403 335 58 20
14 5404 3 91 21 16
15 8915 4 187 158 125 35
16 5001 8 441 350 189 162 148 128 71 43
17 3304 4 451 270 84 77
18 2827 3 329 29 26
19 6157 4 386 220 76 41
20 2275 2 435 171
21 7095 2 59 22
22 9386 3 300 83 80
23 9473 3 481 164 85
24 3887 1 281
25 2584 3 339 242 45
26 5249 1 30
27 7254 3 412 346 218
28 7129 5 384 90 87 57 50
29 371 3 92 32 31
30 1648 1 397
31 4373 3 267 167 62
32 7347 8 465 446 198 112 98 93 47 37
33 9668 3 156 99 36
34 4488 5 366 345 232 181 56
35 7055 0
36 6713 1 121
37 3985 1 130
38 2133 3 197 144 73
39 8710 3 111 44 40
40 7713 1 152
41 491 2 212 49
42 1604 2 81 66
43 7792 5 296 261 204 139 51
44 6855 2 407 146
45 408 6 434 289 284 175 160 138
46 9906 1 238
47 1302 1 63
48 6547 3 82 75 65
49 269 1 54
50 9696 2 353 172
51 17 0
52 5611 1 68
53 6388 2 110 60
54 1022 4 157 103 88 69
55 4041 1 271
56 1421 4 170 104 86 64
57 7390 1 223
58 3336 1 231
59 9771 3 381 362 323
60 9106 1 118
61 2142 2 394 210
62 4520 1 374
63 1878 2 236 124
64 5818 1 108
65 2922 3 317 209 174
66 6125 2 297 67
67 6379 4 402 131 74 70
68 501 2 166 119
69 6185 1 202
70 6551 3 467 205 96
71 3426 1 114
72 2160 3 396 375 78
73 5752 1 123
74 6383 1 480
75 864 1 102
76 2079 3 283 190 117
77 5778 1 219
78 2615 1 106
79 2191 1 153
80 7961 2 247 101
81 3344 3 127 113 97
82 951 1 151
83 4990 1 109
84 464 3 416 214 136
85 3001 1 89
86 7939 0
87 8430 1 159
88 5100 3 133 105 95
89 8132 3 411 299 94
90 7127 0
91 936 1 424
92 4958 2 378 135
93 6455 1 116
94 5972 0
95 1625 2 186 149
96 2230 1 349
97 9526 1 246
98 2726 1 230
99 1582 0
100 9006 1 422
101 8581 2 448 320
102 5003 1 155
103 3596 1 256
104 300 0
105 1552 1 328
106 4261 1 199
107 1430 3 449 249 206
108 4787 2 310 168
109 8616 2 182 147
110 2908 1 141
111 2227 3 277 180 142
112 1210 3 385 228 145
113 6111 2 357 196
114 3254 1 321
115 8147 2 358 122
116 929 1 338
117 1162 3 388 243 221
118 26 2 291 120
119 5822 1 235
120 9587 0
121 1869 3 258 193 178
122 669 1 132
123 4732 1 260
124 3348 1 423
125 388 2 229 126
126 148 1 134
127 8087 2 294 161
128 7690 2 292 269
129 8766 0
130 9468 2 217 165
131 2311 0
132 9213 2 490 240
133 9853 0
134 9641 1 137
135 3733 1 433
136 3434 0
137 8154 1 259
138 5300 2 343 140
139 3553 4 352 275 215 150
140 4035 1 383
141 7954 1 457
142 4697 2 437 143
143 4709 1 163
144 1541 1 266
145 8559 0
146 5302 0
147 6712 0
148 1884 3 497 395 305
149 9004 0
150 6700 1 276
151 7056 2 302 274
152 7826 0
153 7066 0
154 5040 1 169
155 298 0
156 8726 2 314 208
157 9928 0
158 5723 1 331
159 8390 2 306 288
160 6588 3 382 280 194
161 6334 1 340
162 3564 0
163 8370 4 342 313 203 191
164 8891 1 177
165 2587 0
166 2150 2 257 224
167 6001 1 262
168 1145 1 207
169 7227 1 176
170 6592 1 250
171 6449 0
172 4661 1 211
173 1731 1 264
174 6422 2 387 354
175 5592 1 222
176 7485 1 479
177 7084 1 179
178 7819 2 399 188
179 8067 1 183
180 8985 1 364
181 8567 0
182 6909 0
183 628 1 237
184 1040 1 429
185 3596 2 309 251
186 8348 0
187 1931 0
188 1318 2 380 372
189 9965 1 225
190 5903 1 213
191 2319 1 379
192 6592 0
193 4328 0
194 4255 1 432
195 9718 3 455 334 201
196 6588 1 417
197 3277 1 369
198 3742 2 318 200
199 225 2 308 227
200 1300 2 442 273
201 1846 0
202 2264 0
203 4492 2 398 324
204 7284 0
205 6790 2 482 252
206 1056 1 406
207 3489 2 325 298
208 851 4 393 322 287 233
209 4486 2 377 254
210 3564 2 326 307
211 9749 1 474
212 8672 2 239 234
213 5797 2 361 265
214 9134 1 216
215 2687 1 290
216 8735 0
217 2737 1 367
218 5735 1 226
219 9081 1 356
220 7134 2 410 248
221 4297 1 268
222 8428 2 418 286
223 2313 1 279
224 8655 0
225 1253 3 484 404 301
226 2814 2 495 241
227 6471 1 263
228 1633 0
229 2322 0
230 5166 0
231 3884 0
232 45 2 391 315
233 6492 0
234 3471 0
235 7213 1 489
236 8304 2 473 272
237 8883 0
238 6102 1 462
239 9668 1 304
240 6730 0
241 9974 0
242 7325 1 440
243 9454 0
244 8166 0
245 545 3 453 347 278
246 1387 2 459 255
247 7042 1 428
248 8698 1 368
249 7172 1 319
250 9372 0
251 6357 0
252 7965 0
253 5628 0
254 5566 1 359
255 3470 0
256 7007 2 485 282
257 2021 1 330
258 2545 0
259 8902 2 419 408
260 4138 1 470
261 4027 2 454 341
262 6696 0
263 2113 0
264 1806 1 373
265 7052 0
266 8401 0
267 9298 0
268 9902 0
269 2667 0
270 3595 0
271 8054 0
272 3495 0
273 9162 1 390
274 5923 0
275 5030 2 311 295
276 5468 0
277 6572 2 486 450
278 1210 0
279 5155 2 475 400
280 6997 0
281 993 0
282 8461 1 355
283 3523 0
284 1383 0
285 5568 1 445
286 4118 0
287 3542 0
288 9162 0
289 7947 1 494
290 8785 2 476 468
291 7438 0
292 4995 1 293
293 6604 0
294 8142 0
295 7704 0
296 9293 1 312
297 821 0
298 2271 0
299 589 1 478
300 41 2 370 337
301 1704 1 492
302 101 1 303
303 5227 1 316
304 2802 1 496
305 4070 0
306 8209 0
307 4486 0
308 9361 1 363
309 1541 0
310 5677 0
311 6148 1 443
312 7982 0
313 9697 0
314 9237 0
315 5501 1 348
316 742 2 487 351
317 4633 0
318 5416 0
319 2938 0
320 5915 0
321 6756 0
322 8900 0
323 2666 0
324 5878 0
325 2170 0
326 8844 1 365
327 1105 1 376
328 3496 1 336
329 6497 1 427
330 7332 0
331 6085 0
332 2465 0
333 8465 0
334 6718 0
335 424 0
336 9584 0
337 3125 1 436
338 5065 0
339 5983 0
340 9410 1 483
341 7023 0
342 1393 1 444
343 6796 0
344 4283 1 414
345 185 0
346 4965 0
347 2367 0
348 5175 2 488 360
349 2246 0
350 5322 2 456 405
351 4723 1 438
352 1342 0
353 2577 0
354 2288 1 389
355 5325 1 401
356 9242 0
357 6751 0
358 7672 0
359 420 0
360 3685 1 466
361 4188 1 477
362 2864 0
363 5941 0
364 6699 2 499 413
365 4325 0
366 9074 0
367 5539 0
368 2058 1 371
369 1159 0
370 9406 0
371 7840 1 463
372 5959 0
373 8497 1 392
374 4496 0
375 1531 0
376 6811 0
377 768 0
378 5943 0
379 9353 0
380 9599 1 469
381 6735 0
382 4231 0
383 4619 1 420
384 2801 0
385 5945 1 498
386 380 0
387 6313 0
388 8322 1 471
389 275 0
390 3028 0
391 1410 0
392 7414 2 431 421
393 5405 0
394 5180 0
395 5469 0
396 8049 0
397 9566 1 493
398 7330 0
399 5122 0
400 1722 0
401 9411 1 425
402 6175 1 415
403 8534 0
404 137 0
405 5344 0
406 651 0
407 2442 0
408 4761 0
409 1162 0
410 9497 0
411 6851 0
412 4710 0
413 5337 0
414 7069 0
415 1002 0
416 928 0
417 3804 0
418 6635 0
419 6683 1 464
420 7136 0
421 6581 0
422 2846 0
423 7491 0
424 515 0
425 3068 0
426 7624 0
427 5135 0
428 7604 0
429 3376 0
430 6177 0
431 6378 0
432 3356 0
433 5526 0
434 2351 0
435 6696 0
436 3849 1 472
437 856 0
438 5060 0
439 9273 0
440 5606 0
441 2488 1 461
442 9986 0
443 405 0
444 6988 0
445 4192 0
446 3292 0
447 4908 0
448 9645 0
449 9502 1 500
450 6545 0
451 7645 1 491
452 482 0
453 3411 0
454 4590 0
455 9736 0
456 7105 0
457 1501 0
458 570 0
459 564 0
460 2232 0
461 3850 0
462 4836 0
463 9169 0
464 5019 0
465 3557 0
466 6940 0
467 1113 0
468 9787 0
469 2229 0
470 2451 0
471 9427 0
472 5102 0
473 7273 0
474 8802 0
475 716 0
476 8691 0
477 8348 0
478 6888 0
479 26 0
480 6153 0
481 2793 0
482 7634 0
483 566 0
484 3941 0
485 2413 0
486 5256 0
487 6875 0
488 9579 0
489 6435 0
490 1424 0
491 2536 0
492 4582 0
493 7988 0
494 7062 0
495 6013 0
496 8053 0
497 3961 0
498 980 0
499 729 0
500 1420 0
