1500
1 2 2 2 3
2 2 2 4 5
3 2 2 6 7
4 2 2 8 9
5 2 2 10 11
6 2 2 12 13
7 2 2 14 15
8 2 2 16 17
9 2 2 18 19
10 2 2 20 21
11 2 2 22 23
12 2 2 24 25
13 2 2 26 27
14 2 2 28 29
15 2 2 30 31
16 2 2 32 33
17 2 2 34 35
18 2 2 36 37
19 2 2 38 39
20 2 2 40 41
21 2 2 42 43
22 2 2 44 45
23 2 2 46 47
24 2 2 48 49
25 2 2 50 51
26 2 2 52 53
27 2 2 54 55
28 2 2 56 57
29 2 2 58 59
30 2 2 60 61
31 2 2 62 63
32 2 2 64 65
33 2 2 66 67
34 2 2 68 69
35 2 2 70 71
36 2 2 72 73
37 2 2 74 75
38 2 2 76 77
39 2 2 78 79
40 2 2 80 81
41 2 2 82 83
42 2 2 84 85
43 2 2 86 87
44 2 2 88 89
45 2 2 90 91
46 2 2 92 93
47 2 2 94 95
48 2 2 96 97
49 2 2 98 99
50 2 2 100 101
51 2 2 102 103
52 2 2 104 105
53 2 2 106 107
54 2 2 108 109
55 2 2 110 111
56 2 2 112 113
57 2 2 114 115
58 2 2 116 117
59 2 2 118 119
60 2 2 120 121
61 2 2 122 123
62 2 2 124 125
63 2 2 126 127
64 2 2 128 129
65 2 2 130 131
66 2 2 132 133
67 2 2 134 135
68 2 2 136 137
69 2 2 138 139
70 2 2 140 141
71 2 2 142 143
72 2 2 144 145
73 2 2 146 147
74 2 2 148 149
75 2 2 150 151
76 2 2 152 153
77 2 2 154 155
78 2 2 156 157
79 2 2 158 159
80 2 2 160 161
81 2 2 162 163
82 2 2 164 165
83 2 2 166 167
84 2 2 168 169
85 2 2 170 171
86 2 2 172 173
87 2 2 174 175
88 2 2 176 177
89 2 2 178 179
90 2 2 180 181
91 2 2 182 183
92 2 2 184 185
93 2 2 186 187
94 2 2 188 189
95 2 2 190 191
96 2 2 192 193
97 2 2 194 195
98 2 2 196 197
99 2 2 198 199
100 2 2 200 201
101 2 2 202 203
102 2 2 204 205
103 2 2 206 207
104 2 2 208 209
105 2 2 210 211
106 2 2 212 213
107 2 2 214 215
108 2 2 216 217
109 2 2 218 219
110 2 2 220 221
111 2 2 222 223
112 2 2 224 225
113 2 2 226 227
114 2 2 228 229
115 2 2 230 231
116 2 2 232 233
117 2 2 234 235
118 2 2 236 237
119 2 2 238 239
120 2 2 240 241
121 2 2 242 243
122 2 2 244 245
123 2 2 246 247
124 2 2 248 249
125 2 2 250 251
126 2 2 252 253
127 2 2 254 255
128 2 2 256 257
129 2 2 258 259
130 2 2 260 261
131 2 2 262 263
132 2 2 264 265
133 2 2 266 267
134 2 2 268 269
135 2 2 270 271
136 2 2 272 273
137 2 2 274 275
138 2 2 276 277
139 2 2 278 279
140 2 2 280 281
141 2 2 282 283
142 2 2 284 285
143 2 2 286 287
144 2 2 288 289
145 2 2 290 291
146 2 2 292 293
147 2 2 294 295
148 2 2 296 297
149 2 2 298 299
150 2 2 300 301
151 2 2 302 303
152 2 2 304 305
153 2 2 306 307
154 2 2 308 309
155 2 2 310 311
156 2 2 312 313
157 2 2 314 315
158 2 2 316 317
159 2 2 318 319
160 2 2 320 321
161 2 2 322 323
162 2 2 324 325
163 2 2 326 327
164 2 2 328 329
165 2 2 330 331
166 2 2 332 333
167 2 2 334 335
168 2 2 336 337
169 2 2 338 339
170 2 2 340 341
171 2 2 342 343
172 2 2 344 345
173 2 2 346 347
174 2 2 348 349
175 2 2 350 351
176 2 2 352 353
177 2 2 354 355
178 2 2 356 357
179 2 2 358 359
180 2 2 360 361
181 2 2 362 363
182 2 2 364 365
183 2 2 366 367
184 2 2 368 369
185 2 2 370 371
186 2 2 372 373
187 2 2 374 375
188 2 2 376 377
189 2 2 378 379
190 2 2 380 381
191 2 2 382 383
192 2 2 384 385
193 2 2 386 387
194 2 2 388 389
195 2 2 390 391
196 2 2 392 393
197 2 2 394 395
198 2 2 396 397
199 2 2 398 399
200 2 2 400 401
201 2 2 402 403
202 2 2 404 405
203 2 2 406 407
204 2 2 408 409
205 2 2 410 411
206 2 2 412 413
207 2 2 414 415
208 2 2 416 417
209 2 2 418 419
210 2 2 420 421
211 2 2 422 423
212 2 2 424 425
213 2 2 426 427
214 2 2 428 429
215 2 2 430 431
216 2 2 432 433
217 2 2 434 435
218 2 2 436 437
219 2 2 438 439
220 2 2 440 441
221 2 2 442 443
222 2 2 444 445
223 2 2 446 447
224 2 2 448 449
225 2 2 450 451
226 2 2 452 453
227 2 2 454 455
228 2 2 456 457
229 2 2 458 459
230 2 2 460 461
231 2 2 462 463
232 2 2 464 465
233 2 2 466 467
234 2 2 468 469
235 2 2 470 471
236 2 2 472 473
237 2 2 474 475
238 2 2 476 477
239 2 2 478 479
240 2 2 480 481
241 2 2 482 483
242 2 2 484 485
243 2 2 486 487
244 2 2 488 489
245 2 2 490 491
246 2 2 492 493
247 2 2 494 495
248 2 2 496 497
249 2 2 498 499
250 2 2 500 501
251 2 2 502 503
252 2 2 504 505
253 2 2 506 507
254 2 2 508 509
255 2 2 510 511
256 2 2 512 513
257 2 2 514 515
258 2 2 516 517
259 2 2 518 519
260 2 2 520 521
261 2 2 522 523
262 2 2 524 525
263 2 2 526 527
264 2 2 528 529
265 2 2 530 531
266 2 2 532 533
267 2 2 534 535
268 2 2 536 537
269 2 2 538 539
270 2 2 540 541
271 2 2 542 543
272 2 2 544 545
273 2 2 546 547
274 2 2 548 549
275 2 2 550 551
276 2 2 552 553
277 2 2 554 555
278 2 2 556 557
279 2 2 558 559
280 2 2 560 561
281 2 2 562 563
282 2 2 564 565
283 2 2 566 567
284 2 2 568 569
285 2 2 570 571
286 2 2 572 573
287 2 2 574 575
288 2 2 576 577
289 2 2 578 579
290 2 2 580 581
291 2 2 582 583
292 2 2 584 585
293 2 2 586 587
294 2 2 588 589
295 2 2 590 591
296 2 2 592 593
297 2 2 594 595
298 2 2 596 597
299 2 2 598 599
300 2 2 600 601
301 2 2 602 603
302 2 2 604 605
303 2 2 606 607
304 2 2 608 609
305 2 2 610 611
306 2 2 612 613
307 2 2 614 615
308 2 2 616 617
309 2 2 618 619
310 2 2 620 621
311 2 2 622 623
312 2 2 624 625
313 2 2 626 627
314 2 2 628 629
315 2 2 630 631
316 2 2 632 633
317 2 2 634 635
318 2 2 636 637
319 2 2 638 639
320 2 2 640 641
321 2 2 642 643
322 2 2 644 645
323 2 2 646 647
324 2 2 648 649
325 2 2 650 651
326 2 2 652 653
327 2 2 654 655
328 2 2 656 657
329 2 2 658 659
330 2 2 660 661
331 2 2 662 663
332 2 2 664 665
333 2 2 666 667
334 2 2 668 669
335 2 2 670 671
336 2 2 672 673
337 2 2 674 675
338 2 2 676 677
339 2 2 678 679
340 2 2 680 681
341 2 2 682 683
342 2 2 684 685
343 2 2 686 687
344 2 2 688 689
345 2 2 690 691
346 2 2 692 693
347 2 2 694 695
348 2 2 696 697
349 2 2 698 699
350 2 2 700 701
351 2 2 702 703
352 2 2 704 705
353 2 2 706 707
354 2 2 708 709
355 2 2 710 711
356 2 2 712 713
357 2 2 714 715
358 2 2 716 717
359 2 2 718 719
360 2 2 720 721
361 2 2 722 723
362 2 2 724 725
363 2 2 726 727
364 2 2 728 729
365 2 2 730 731
366 2 2 732 733
367 2 2 734 735
368 2 2 736 737
369 2 2 738 739
370 2 2 740 741
371 2 2 742 743
372 2 2 744 745
373 2 2 746 747
374 2 2 748 749
375 2 2 750 751
376 2 2 752 753
377 2 2 754 755
378 2 2 756 757
379 2 2 758 759
380 2 2 760 761
381 2 2 762 763
382 2 2 764 765
383 2 2 766 767
384 2 2 768 769
385 2 2 770 771
386 2 2 772 773
387 2 2 774 775
388 2 2 776 777
389 2 2 778 779
390 2 2 780 781
391 2 2 782 783
392 2 2 784 785
393 2 2 786 787
394 2 2 788 789
395 2 2 790 791
396 2 2 792 793
397 2 2 794 795
398 2 2 796 797
399 2 2 798 799
400 2 2 800 801
401 2 2 802 803
402 2 2 804 805
403 2 2 806 807
404 2 2 808 809
405 2 2 810 811
406 2 2 812 813
407 2 2 814 815
408 2 2 816 817
409 2 2 818 819
410 2 2 820 821
411 2 2 822 823
412 2 2 824 825
413 2 2 826 827
414 2 2 828 829
415 2 2 830 831
416 2 2 832 833
417 2 2 834 835
418 2 2 836 837
419 2 2 838 839
420 2 2 840 841
421 2 2 842 843
422 2 2 844 845
423 2 2 846 847
424 2 2 848 849
425 2 2 850 851
426 2 2 852 853
427 2 2 854 855
428 2 2 856 857
429 2 2 858 859
430 2 2 860 861
431 2 2 862 863
432 2 2 864 865
433 2 2 866 867
434 2 2 868 869
435 2 2 870 871
436 2 2 872 873
437 2 2 874 875
438 2 2 876 877
439 2 2 878 879
440 2 2 880 881
441 2 2 882 883
442 2 2 884 885
443 2 2 886 887
444 2 2 888 889
445 2 2 890 891
446 2 2 892 893
447 2 2 894 895
448 2 2 896 897
449 2 2 898 899
450 2 2 900 901
451 2 2 902 903
452 2 2 904 905
453 2 2 906 907
454 2 2 908 909
455 2 2 910 911
456 2 2 912 913
457 2 2 914 915
458 2 2 916 917
459 2 2 918 919
460 2 2 920 921
461 2 2 922 923
462 2 2 924 925
463 2 2 926 927
464 2 2 928 929
465 2 2 930 931
466 2 2 932 933
467 2 2 934 935
468 2 2 936 937
469 2 2 938 939
470 2 2 940 941
471 2 2 942 943
472 2 2 944 945
473 2 2 946 947
474 2 2 948 949
475 2 2 950 951
476 2 2 952 953
477 2 2 954 955
478 2 2 956 957
479 2 2 958 959
480 2 2 960 961
481 2 2 962 963
482 2 2 964 965
483 2 2 966 967
484 2 2 968 969
485 2 2 970 971
486 2 2 972 973
487 2 2 974 975
488 2 2 976 977
489 2 2 978 979
490 2 2 980 981
491 2 2 982 983
492 2 2 984 985
493 2 2 986 987
494 2 2 988 989
495 2 2 990 991
496 2 2 992 993
497 2 2 994 995
498 2 2 996 997
499 2 2 998 999
500 2 2 1000 1001
501 2 2 1002 1003
502 2 2 1004 1005
503 2 2 1006 1007
504 2 2 1008 1009
505 2 2 1010 1011
506 2 2 1012 1013
507 2 2 1014 1015
508 2 2 1016 1017
509 2 2 1018 1019
510 2 2 1020 1021
511 2 2 1022 1023
512 2 2 1024 1025
513 2 2 1026 1027
514 2 2 1028 1029
515 2 2 1030 1031
516 2 2 1032 1033
517 2 2 1034 1035
518 2 2 1036 1037
519 2 2 1038 1039
520 2 2 1040 1041
521 2 2 1042 1043
522 2 2 1044 1045
523 2 2 1046 1047
524 2 2 1048 1049
525 2 2 1050 1051
526 2 2 1052 1053
527 2 2 1054 1055
528 2 2 1056 1057
529 2 2 1058 1059
530 2 2 1060 1061
531 2 2 1062 1063
532 2 2 1064 1065
533 2 2 1066 1067
534 2 2 1068 1069
535 2 2 1070 1071
536 2 2 1072 1073
537 2 2 1074 1075
538 2 2 1076 1077
539 2 2 1078 1079
540 2 2 1080 1081
541 2 2 1082 1083
542 2 2 1084 1085
543 2 2 1086 1087
544 2 2 1088 1089
545 2 2 1090 1091
546 2 2 1092 1093
547 2 2 1094 1095
548 2 2 1096 1097
549 2 2 1098 1099
550 2 2 1100 1101
551 2 2 1102 1103
552 2 2 1104 1105
553 2 2 1106 1107
554 2 2 1108 1109
555 2 2 1110 1111
556 2 2 1112 1113
557 2 2 1114 1115
558 2 2 1116 1117
559 2 2 1118 1119
560 2 2 1120 1121
561 2 2 1122 1123
562 2 2 1124 1125
563 2 2 1126 1127
564 2 2 1128 1129
565 2 2 1130 1131
566 2 2 1132 1133
567 2 2 1134 1135
568 2 2 1136 1137
569 2 2 1138 1139
570 2 2 1140 1141
571 2 2 1142 1143
572 2 2 1144 1145
573 2 2 1146 1147
574 2 2 1148 1149
575 2 2 1150 1151
576 2 2 1152 1153
577 2 2 1154 1155
578 2 2 1156 1157
579 2 2 1158 1159
580 2 2 1160 1161
581 2 2 1162 1163
582 2 2 1164 1165
583 2 2 1166 1167
584 2 2 1168 1169
585 2 2 1170 1171
586 2 2 1172 1173
587 2 2 1174 1175
588 2 2 1176 1177
589 2 2 1178 1179
590 2 2 1180 1181
591 2 2 1182 1183
592 2 2 1184 1185
593 2 2 1186 1187
594 2 2 1188 1189
595 2 2 1190 1191
596 2 2 1192 1193
597 2 2 1194 1195
598 2 2 1196 1197
599 2 2 1198 1199
600 2 2 1200 1201
601 2 2 1202 1203
602 2 2 1204 1205
603 2 2 1206 1207
604 2 2 1208 1209
605 2 2 1210 1211
606 2 2 1212 1213
607 2 2 1214 1215
608 2 2 1216 1217
609 2 2 1218 1219
610 2 2 1220 1221
611 2 2 1222 1223
612 2 2 1224 1225
613 2 2 1226 1227
614 2 2 1228 1229
615 2 2 1230 1231
616 2 2 1232 1233
617 2 2 1234 1235
618 2 2 1236 1237
619 2 2 1238 1239
620 2 2 1240 1241
621 2 2 1242 1243
622 2 2 1244 1245
623 2 2 1246 1247
624 2 2 1248 1249
625 2 2 1250 1251
626 2 2 1252 1253
627 2 2 1254 1255
628 2 2 1256 1257
629 2 2 1258 1259
630 2 2 1260 1261
631 2 2 1262 1263
632 2 2 1264 1265
633 2 2 1266 1267
634 2 2 1268 1269
635 2 2 1270 1271
636 2 2 1272 1273
637 2 2 1274 1275
638 2 2 1276 1277
639 2 2 1278 1279
640 2 2 1280 1281
641 2 2 1282 1283
642 2 2 1284 1285
643 2 2 1286 1287
644 2 2 1288 1289
645 2 2 1290 1291
646 2 2 1292 1293
647 2 2 1294 1295
648 2 2 1296 1297
649 2 2 1298 1299
650 2 2 1300 1301
651 2 2 1302 1303
652 2 2 1304 1305
653 2 2 1306 1307
654 2 2 1308 1309
655 2 2 1310 1311
656 2 2 1312 1313
657 2 2 1314 1315
658 2 2 1316 1317
659 2 2 1318 1319
660 2 2 1320 1321
661 2 2 1322 1323
662 2 2 1324 1325
663 2 2 1326 1327
664 2 2 1328 1329
665 2 2 1330 1331
666 2 2 1332 1333
667 2 2 1334 1335
668 2 2 1336 1337
669 2 2 1338 1339
670 2 2 1340 1341
671 2 2 1342 1343
672 2 2 1344 1345
673 2 2 1346 1347
674 2 2 1348 1349
675 2 2 1350 1351
676 2 2 1352 1353
677 2 2 1354 1355
678 2 2 1356 1357
679 2 2 1358 1359
680 2 2 1360 1361
681 2 2 1362 1363
682 2 2 1364 1365
683 2 2 1366 1367
684 2 2 1368 1369
685 2 2 1370 1371
686 2 2 1372 1373
687 2 2 1374 1375
688 2 2 1376 1377
689 2 2 1378 1379
690 2 2 1380 1381
691 2 2 1382 1383
692 2 2 1384 1385
693 2 2 1386 1387
694 2 2 1388 1389
695 2 2 1390 1391
696 2 2 1392 1393
697 2 2 1394 1395
698 2 2 1396 1397
699 2 2 1398 1399
700 2 2 1400 1401
701 2 2 1402 1403
702 2 2 1404 1405
703 2 2 1406 1407
704 2 2 1408 1409
705 2 2 1410 1411
706 2 2 1412 1413
707 2 2 1414 1415
708 2 2 1416 1417
709 2 2 1418 1419
710 2 2 1420 1421
711 2 2 1422 1423
712 2 2 1424 1425
713 2 2 1426 1427
714 2 2 1428 1429
715 2 2 1430 1431
716 2 2 1432 1433
717 2 2 1434 1435
718 2 2 1436 1437
719 2 2 1438 1439
720 2 2 1440 1441
721 2 2 1442 1443
722 2 2 1444 1445
723 2 2 1446 1447
724 2 2 1448 1449
725 2 2 1450 1451
726 2 2 1452 1453
727 2 2 1454 1455
728 2 2 1456 1457
729 2 2 1458 1459
730 2 2 1460 1461
731 2 2 1462 1463
732 2 2 1464 1465
733 2 2 1466 1467
734 2 2 1468 1469
735 2 2 1470 1471
736 2 2 1472 1473
737 2 2 1474 1475
738 2 2 1476 1477
739 2 2 1478 1479
740 2 2 1480 1481
741 2 2 1482 1483
742 2 2 1484 1485
743 2 2 1486 1487
744 2 2 1488 1489
745 2 2 1490 1491
746 2 2 1492 1493
747 2 2 1494 1495
748 2 2 1496 1497
749 2 2 1498 1499
750 2 1 1500
751 2 0
752 2 0
753 2 0
754 2 0
755 2 0
756 2 0
757 2 0
758 2 0
759 2 0
760 2 0
761 2 0
762 2 0
763 2 0
764 2 0
765 2 0
766 2 0
767 2 0
768 2 0
769 2 0
770 2 0
771 2 0
772 2 0
773 2 0
774 2 0
775 2 0
776 2 0
777 2 0
778 2 0
779 2 0
780 2 0
781 2 0
782 2 0
783 2 0
784 2 0
785 2 0
786 2 0
787 2 0
788 2 0
789 2 0
790 2 0
791 2 0
792 2 0
793 2 0
794 2 0
795 2 0
796 2 0
797 2 0
798 2 0
799 2 0
800 2 0
801 2 0
802 2 0
803 2 0
804 2 0
805 2 0
806 2 0
807 2 0
808 2 0
809 2 0
810 2 0
811 2 0
812 2 0
813 2 0
814 2 0
815 2 0
816 2 0
817 2 0
818 2 0
819 2 0
820 2 0
821 2 0
822 2 0
823 2 0
824 2 0
825 2 0
826 2 0
827 2 0
828 2 0
829 2 0
830 2 0
831 2 0
832 2 0
833 2 0
834 2 0
835 2 0
836 2 0
837 2 0
838 2 0
839 2 0
840 2 0
841 2 0
842 2 0
843 2 0
844 2 0
845 2 0
846 2 0
847 2 0
848 2 0
849 2 0
850 2 0
851 2 0
852 2 0
853 2 0
854 2 0
855 2 0
856 2 0
857 2 0
858 2 0
859 2 0
860 2 0
861 2 0
862 2 0
863 2 0
864 2 0
865 2 0
866 2 0
867 2 0
868 2 0
869 2 0
870 2 0
871 2 0
872 2 0
873 2 0
874 2 0
875 2 0
876 2 0
877 2 0
878 2 0
879 2 0
880 2 0
881 2 0
882 2 0
883 2 0
884 2 0
885 2 0
886 2 0
887 2 0
888 2 0
889 2 0
890 2 0
891 2 0
892 2 0
893 2 0
894 2 0
895 2 0
896 2 0
897 2 0
898 2 0
899 2 0
900 2 0
901 2 0
902 2 0
903 2 0
904 2 0
905 2 0
906 2 0
907 2 0
908 2 0
909 2 0
910 2 0
911 2 0
912 2 0
913 2 0
914 2 0
915 2 0
916 2 0
917 2 0
918 2 0
919 2 0
920 2 0
921 2 0
922 2 0
923 2 0
924 2 0
925 2 0
926 2 0
927 2 0
928 2 0
929 2 0
930 2 0
931 2 0
932 2 0
933 2 0
934 2 0
935 2 0
936 2 0
937 2 0
938 2 0
939 2 0
940 2 0
941 2 0
942 2 0
943 2 0
944 2 0
945 2 0
946 2 0
947 2 0
948 2 0
949 2 0
950 2 0
951 2 0
952 2 0
953 2 0
954 2 0
955 2 0
956 2 0
957 2 0
958 2 0
959 2 0
960 2 0
961 2 0
962 2 0
963 2 0
964 2 0
965 2 0
966 2 0
967 2 0
968 2 0
969 2 0
970 2 0
971 2 0
972 2 0
973 2 0
974 2 0
975 2 0
976 2 0
977 2 0
978 2 0
979 2 0
980 2 0
981 2 0
982 2 0
983 2 0
984 2 0
985 2 0
986 2 0
987 2 0
988 2 0
989 2 0
990 2 0
991 2 0
992 2 0
993 2 0
994 2 0
995 2 0
996 2 0
997 2 0
998 2 0
999 2 0
1000 2 0
1001 2 0
1002 2 0
1003 2 0
1004 2 0
1005 2 0
1006 2 0
1007 2 0
1008 2 0
1009 2 0
1010 2 0
1011 2 0
1012 2 0
1013 2 0
1014 2 0
1015 2 0
1016 2 0
1017 2 0
1018 2 0
1019 2 0
1020 2 0
1021 2 0
1022 2 0
1023 2 0
1024 2 0
1025 2 0
1026 2 0
1027 2 0
1028 2 0
1029 2 0
1030 2 0
1031 2 0
1032 2 0
1033 2 0
1034 2 0
1035 2 0
1036 2 0
1037 2 0
1038 2 0
1039 2 0
1040 2 0
1041 2 0
1042 2 0
1043 2 0
1044 2 0
1045 2 0
1046 2 0
1047 2 0
1048 2 0
1049 2 0
1050 2 0
1051 2 0
1052 2 0
1053 2 0
1054 2 0
1055 2 0
1056 2 0
1057 2 0
1058 2 0
1059 2 0
1060 2 0
1061 2 0
1062 2 0
1063 2 0
1064 2 0
1065 2 0
1066 2 0
1067 2 0
1068 2 0
1069 2 0
1070 2 0
1071 2 0
1072 2 0
1073 2 0
1074 2 0
1075 2 0
1076 2 0
1077 2 0
1078 2 0
1079 2 0
1080 2 0
1081 2 0
1082 2 0
1083 2 0
1084 2 0
1085 2 0
1086 2 0
1087 2 0
1088 2 0
1089 2 0
1090 2 0
1091 2 0
1092 2 0
1093 2 0
1094 2 0
1095 2 0
1096 2 0
1097 2 0
1098 2 0
1099 2 0
1100 2 0
1101 2 0
1102 2 0
1103 2 0
1104 2 0
1105 2 0
1106 2 0
1107 2 0
1108 2 0
1109 2 0
1110 2 0
1111 2 0
1112 2 0
1113 2 0
1114 2 0
1115 2 0
1116 2 0
1117 2 0
1118 2 0
1119 2 0
1120 2 0
1121 2 0
1122 2 0
1123 2 0
1124 2 0
1125 2 0
1126 2 0
1127 2 0
1128 2 0
1129 2 0
1130 2 0
1131 2 0
1132 2 0
1133 2 0
1134 2 0
1135 2 0
1136 2 0
1137 2 0
1138 2 0
1139 2 0
1140 2 0
1141 2 0
1142 2 0
1143 2 0
1144 2 0
1145 2 0
1146 2 0
1147 2 0
1148 2 0
1149 2 0
1150 2 0
1151 2 0
1152 2 0
1153 2 0
1154 2 0
1155 2 0
1156 2 0
1157 2 0
1158 2 0
1159 2 0
1160 2 0
1161 2 0
1162 2 0
1163 2 0
1164 2 0
1165 2 0
1166 2 0
1167 2 0
1168 2 0
1169 2 0
1170 2 0
1171 2 0
1172 2 0
1173 2 0
1174 2 0
1175 2 0
1176 2 0
1177 2 0
1178 2 0
1179 2 0
1180 2 0
1181 2 0
1182 2 0
1183 2 0
1184 2 0
1185 2 0
1186 2 0
1187 2 0
1188 2 0
1189 2 0
1190 2 0
1191 2 0
1192 2 0
1193 2 0
1194 2 0
1195 2 0
1196 2 0
1197 2 0
1198 2 0
1199 2 0
1200 2 0
1201 2 0
1202 2 0
1203 2 0
1204 2 0
1205 2 0
1206 2 0
1207 2 0
1208 2 0
1209 2 0
1210 2 0
1211 2 0
1212 2 0
1213 2 0
1214 2 0
1215 2 0
1216 2 0
1217 2 0
1218 2 0
1219 2 0
1220 2 0
1221 2 0
1222 2 0
1223 2 0
1224 2 0
1225 2 0
1226 2 0
1227 2 0
1228 2 0
1229 2 0
1230 2 0
1231 2 0
1232 2 0
1233 2 0
1234 2 0
1235 2 0
1236 2 0
1237 2 0
1238 2 0
1239 2 0
1240 2 0
1241 2 0
1242 2 0
1243 2 0
1244 2 0
1245 2 0
1246 2 0
1247 2 0
1248 2 0
1249 2 0
1250 2 0
1251 2 0
1252 2 0
1253 2 0
1254 2 0
1255 2 0
1256 2 0
1257 2 0
1258 2 0
1259 2 0
1260 2 0
1261 2 0
1262 2 0
1263 2 0
1264 2 0
1265 2 0
1266 2 0
1267 2 0
1268 2 0
1269 2 0
1270 2 0
1271 2 0
1272 2 0
1273 2 0
1274 2 0
1275 2 0
1276 2 0
1277 2 0
1278 2 0
1279 2 0
1280 2 0
1281 2 0
1282 2 0
1283 2 0
1284 2 0
1285 2 0
1286 2 0
1287 2 0
1288 2 0
1289 2 0
1290 2 0
1291 2 0
1292 2 0
1293 2 0
1294 2 0
1295 2 0
1296 2 0
1297 2 0
1298 2 0
1299 2 0
1300 2 0
1301 2 0
1302 2 0
1303 2 0
1304 2 0
1305 2 0
1306 2 0
1307 2 0
1308 2 0
1309 2 0
1310 2 0
1311 2 0
1312 2 0
1313 2 0
1314 2 0
1315 2 0
1316 2 0
1317 2 0
1318 2 0
1319 2 0
1320 2 0
1321 2 0
1322 2 0
1323 2 0
1324 2 0
1325 2 0
1326 2 0
1327 2 0
1328 2 0
1329 2 0
1330 2 0
1331 2 0
1332 2 0
1333 2 0
1334 2 0
1335 2 0
1336 2 0
1337 2 0
1338 2 0
1339 2 0
1340 2 0
1341 2 0
1342 2 0
1343 2 0
1344 2 0
1345 2 0
1346 2 0
1347 2 0
1348 2 0
1349 2 0
1350 2 0
1351 2 0
1352 2 0
1353 2 0
1354 2 0
1355 2 0
1356 2 0
1357 2 0
1358 2 0
1359 2 0
1360 2 0
1361 2 0
1362 2 0
1363 2 0
1364 2 0
1365 2 0
1366 2 0
1367 2 0
1368 2 0
1369 2 0
1370 2 0
1371 2 0
1372 2 0
1373 2 0
1374 2 0
1375 2 0
1376 2 0
1377 2 0
1378 2 0
1379 2 0
1380 2 0
1381 2 0
1382 2 0
1383 2 0
1384 2 0
1385 2 0
1386 2 0
1387 2 0
1388 2 0
1389 2 0
1390 2 0
1391 2 0
1392 2 0
1393 2 0
1394 2 0
1395 2 0
1396 2 0
1397 2 0
1398 2 0
1399 2 0
1400 2 0
1401 2 0
1402 2 0
1403 2 0
1404 2 0
1405 2 0
1406 2 0
1407 2 0
1408 2 0
1409 2 0
1410 2 0
1411 2 0
1412 2 0
1413 2 0
1414 2 0
1415 2 0
1416 2 0
1417 2 0
1418 2 0
1419 2 0
1420 2 0
1421 2 0
1422 2 0
1423 2 0
1424 2 0
1425 2 0
1426 2 0
1427 2 0
1428 2 0
1429 2 0
1430 2 0
1431 2 0
1432 2 0
1433 2 0
1434 2 0
1435 2 0
1436 2 0
1437 2 0
1438 2 0
1439 2 0
1440 2 0
1441 2 0
1442 2 0
1443 2 0
1444 2 0
1445 2 0
1446 2 0
1447 2 0
1448 2 0
1449 2 0
1450 2 0
1451 2 0
1452 2 0
1453 2 0
1454 2 0
1455 2 0
1456 2 0
1457 2 0
1458 2 0
1459 2 0
1460 2 0
1461 2 0
1462 2 0
1463 2 0
1464 2 0
1465 2 0
1466 2 0
1467 2 0
1468 2 0
1469 2 0
1470 2 0
1471 2 0
1472 2 0
1473 2 0
1474 2 0
1475 2 0
1476 2 0
1477 2 0
1478 2 0
1479 2 0
1480 2 0
1481 2 0
1482 2 0
1483 2 0
1484 2 0
1485 2 0
1486 2 0
1487 2 0
1488 2 0
1489 2 0
1490 2 0
1491 2 0
1492 2 0
1493 2 0
1494 2 0
1495 2 0
1496 2 0
1497 2 0
1498 2 0
1499 2 0
1500 2 0