88 955
22755 20895 32210 15989 21390 23339 19398 3849 17334 12609 28957 22146 15383 31740 5264 895 2144 20898 18269 9749 27876 18311 25245 10190 3730 2606 20177 17649 5927 16562 27070 11012 27042 16228 32379 24720 31480 19894 968 23076 8970 856 5281 24732 31188 160 22291 11427 5351 1583 17743 23415 14617 12242 3325 8429 21627 22182 30930 23220 21643 24192 6245 26845 11435 29323 6718 28571 8402 30003 3120 26184 10370 10050 30186 6057 32250 19017 456 30579 11692 16962 10223 28942 14833 31347 3992 5016 
828 4502.80
406 780.73
102 14182.70
159 5444.4
121 363.67
177 10758.74
449 19505.71
310 30294.95
861 6435.7
692 18133.1
773 10202.39
397 23430.13
420 6046.71
119 24892.82
947 22180.45
109 21721.46
48 29107.74
450 30496.98
489 21045.59
976 30682.25
682 29147.55
44 13670.60
406 21090.65
133 27164.50
513 27931.67
52 29450.4
474 8509.100
646 5102.97
432 14642.37
541 19072.66
108 15964.18
460 30560.17
973 20483.51
31 27983.30
541 23915.93
717 26486.93
295 19524.48
395 3562.94
147 3060.93
555 7083.66
240 11112.14
646 31697.36
512 2669.38
105 23465.98
692 201.56
377 19944.5
45 9346.7
945 16198.40
185 1561.26
456 14102.73
49 5284.76
544 16065.51
471 13578.25
449 24866.47
855 16081.93
742 3900.79
426 22075.86
678 27081.67
335 20133.92
519 1917.82
726 12646.11
829 24099.55
827 1185.44
815 2272.96
419 19143.3
351 20535.4
861 16058.83
365 10400.31
386 22991.56
928 25307.94
544 2084.37
366 5446.40
174 25865.62
118 26577.66
468 15456.45
997 29808.13
526 12107.83
908 27679.14
238 2435.28
361 13511.30
234 25121.76
184 20142.32
624 24009.68
439 4154.66
13 8566.38
275 15654.14
125 3161.3
64 14975.8
50 29827.63
153 13064.22
656 13657.56
902 30668.38
683 12285.9
329 22284.34
446 15669.97
130 6096.65
686 19833.99
782 21180.75
152 24363.34
40 4344.57
32 23586.64
711 81.2
382 10010.74
791 14303.26
151 30366.22
475 2765.62
761 24203.4
763 20245.43
362 27197.100
119 23640.84
672 14591.31
445 27412.58
228 31587.65
924 30431.88
870 19323.37
909 26239.77
498 29495.94
980 4843.61
337 6993.77
37 25244.20
306 25228.94
869 8382.51
438 20529.88
177 4116.36
445 17935.22
818 1972.67
564 21871.25
765 15337.90
854 30642.68
325 16343.14
638 30357.20
70 23735.11
979 6487.28
648 8643.90
157 17196.28
422 7214.15
451 25792.92
669 2236.26
38 17862.67
249 6351.75
121 3254.34
619 8972.5
936 23118.94
829 23525.52
760 7032.44
923 3234.9
506 12180.89
129 16327.28
224 31334.39
452 4072.68
58 16403.88
139 16971.20
600 3821.16
339 10468.3
280 19973.28
424 32653.84
637 6325.20
38 9874.65
301 11944.5
855 20705.30
259 15625.38
635 1663.23
71 28882.83
479 19477.41
609 27526.51
683 26281.10
510 10930.51
626 7915.87
914 2054.4
236 10646.84
852 31464.94
1 725.37
593 1486.98
287 10419.75
377 2248.20
456 17651.27
909 24567.18
478 4334.59
388 4074.75
204 7753.64
966 6938.35
849 17814.54
73 17141.33
932 22596.63
902 15422.25
426 25969.21
152 4524.56
885 31087.22
220 24838.55
239 19999.17
690 7737.99
922 30321.54
493 25878.4
720 14766.28
106 28088.77
219 9034.28
20 16581.85
425 21117.21
833 8198.18
620 24782.42
100 3337.91
905 22869.61
818 15051.17
953 16993.22
212 22686.87
507 14788.7
16 21445.69
48 10228.47
314 14968.70
772 10428.97
669 9814.14
934 2111.4
67 19819.58
69 10604.25
614 24656.30
750 26432.25
435 280.52
651 5214.75
547 12799.92
495 13555.67
864 27674.32
405 31954.55
515 28024.65
420 4178.24
940 2929.23
173 4185.54
927 16672.61
169 10895.91
643 6958.36
521 19636.100
501 22910.63
164 18063.1
129 29791.13
451 10222.41
385 30277.44
274 4266.29
48 7229.78
864 1720.21
864 16028.93
171 19105.68
105 28820.38
109 7428.13
333 24752.40
279 2016.100
585 7538.69
512 5348.91
896 18556.93
10 30197.38
910 18450.26
885 6051.31
867 31190.96
581 27983.34
811 6922.99
22 5412.27
471 22973.45
726 17978.87
544 8115.22
240 25978.84
319 29410.35
139 11802.82
86 4312.49
124 8393.99
571 372.42
794 30951.35
609 4771.1
75 18780.36
297 21039.91
523 10984.58
351 31683.62
980 9222.53
607 16550.32
170 14003.31
201 7138.62
914 23229.21
964 24784.88
895 11108.41
447 11077.76
544 17779.45
583 8145.21
671 20252.15
369 20420.75
816 30007.82
40 26633.36
472 25020.7
547 25325.91
84 23948.21
543 5218.81
456 995.11
434 25971.90
524 14345.68
666 16085.7
95 32293.94
596 19420.95
353 32306.14
779 13886.33
893 25740.5
477 4202.15
791 5525.21
969 10081.10
958 21075.13
239 13897.80
681 2599.14
685 17723.19
469 14817.27
546 10746.19
729 29407.30
512 31885.2
365 1283.53
453 11007.70
807 23699.87
556 32422.73
239 365.27
107 10951.94
92 22291.84
361 12144.56
120 21875.79
362 19675.25
15 132.4
90 17085.64
538 30979.81
832 29769.18
510 11006.12
951 5331.25
237 28390.54
831 2641.88
832 30823.53
148 2613.41
623 14903.21
387 27214.85
273 2193.66
577 690.65
761 19491.71
778 7910.92
63 5522.62
219 11187.8
499 26082.36
107 23668.13
453 6755.47
460 15809.34
434 10997.67
347 25781.91
141 24508.100
911 29012.35
528 24481.63
908 16306.7
642 2862.85
191 14051.4
405 4011.41
255 30189.96
277 3201.90
993 32296.45
211 6484.4
219 14286.27
272 1359.18
455 6322.9
391 22679.26
854 7759.24
153 1761.35
846 944.62
454 28321.17
789 28902.65
777 16969.33
666 9468.93
45 24976.7
367 7346.33
957 1728.31
545 18278.48
310 4208.27
878 18665.15
867 10817.6
422 25154.44
543 14194.80
513 13441.29
656 14437.74
423 30771.10
435 110.97
884 18717.75
817 897.97
490 6457.37
670 23451.53
97 3898.53
608 29693.1
43 21497.34
261 7309.72
332 28569.5
537 12791.84
825 8779.91
76 5998.11
833 28142.20
949 1304.26
794 7433.81
403 14976.45
921 18634.83
214 1717.47
612 789.36
850 24530.70
582 10950.59
931 552.34
214 24491.7
188 21314.82
338 22768.62
341 8048.33
542 23529.64
57 18610.94
207 2682.53
202 13319.15
621 1947.30
632 16014.91
403 21920.22
553 22019.59
816 9547.85
421 2173.16
938 24026.23
407 3440.74
321 17800.62
318 32357.97
465 12098.71
849 16364.34
6 15734.7
43 2981.12
881 29511.68
283 12931.100
592 17558.72
566 6798.7
513 27283.28
80 15820.96
622 17878.80
376 6178.6
175 22585.44
521 4163.63
995 12251.50
38 3087.76
64 18978.57
898 6889.86
102 20622.35
275 238.80
93 27320.18
898 1050.68
713 2020.51
335 14519.60
321 18388.3
443 15533.4
28 24049.54
88 27016.65
929 15077.87
115 4945.56
515 18479.21
255 32406.80
404 24162.9
409 25126.90
845 10763.34
133 6515.1
748 15473.15
259 12955.46
823 23728.4
815 20353.97
851 8920.23
759 29575.95
273 18967.15
55 24502.73
2 18467.1
72 7561.53
103 26446.59
540 23697.34
582 11798.69
146 24995.47
211 6664.3
420 1628.82
11 27988.94
297 15893.29
890 21861.49
840 20899.73
822 22096.7
894 5495.64
348 31235.86
32 22004.36
398 4980.5
675 9241.73
368 17733.23
792 8407.72
956 14480.41
768 28575.35
951 23521.22
186 10512.91
59 27525.53
950 3287.96
520 15279.2
101 24083.27
481 4657.89
219 22493.86
900 8368.75
710 4039.59
95 12700.37
359 31345.86
971 10588.12
917 10879.34
981 27236.30
350 23703.65
48 17969.57
179 821.77
906 15973.29
990 23408.33
792 16504.96
754 12297.49
578 2989.89
202 25176.27
833 25689.71
309 10488.73
81 26782.52
999 16960.27
768 6689.40
424 11488.46
720 19812.12
367 25420.8
68 31441.64
434 9908.92
614 13977.60
699 11440.25
698 11243.77
153 3835.59
202 11574.82
853 16071.7
512 3704.30
94 1422.22
126 24509.66
662 23412.20
247 3421.39
707 8081.43
373 14500.39
589 6333.11
386 5855.94
97 9650.12
664 7684.92
769 14756.34
276 3443.16
462 16032.64
286 18049.2
320 18760.45
138 15306.100
134 16846.85
586 20348.21
967 21565.99
357 6172.32
497 11881.25
322 119.41
996 23592.18
3 25268.93
572 663.55
622 26567.57
50 24989.90
286 27579.4
547 28401.79
374 15488.85
637 8252.23
645 3145.62
887 8769.60
407 12701.56
534 22793.60
26 7848.34
756 10623.78
895 9839.96
367 18188.23
836 491.80
950 8201.71
46 24647.67
234 6697.54
878 29871.61
428 11298.47
664 14694.66
15 5185.65
448 21295.72
421 941.55
930 28964.51
36 9352.49
220 1166.88
129 29994.89
641 2400.41
801 7464.61
932 9055.47
690 12529.65
393 23847.55
52 24343.92
731 11641.77
867 20140.90
844 23719.19
897 6197.30
202 18169.26
233 19226.73
426 6741.88
494 28585.86
388 23703.76
225 31233.9
169 5468.67
5 15484.95
836 12589.29
442 10356.11
685 27976.17
418 8822.2
421 8836.7
892 27462.41
994 27380.64
175 12600.28
850 12640.97
240 21966.32
303 2737.99
557 24987.81
896 6351.82
985 5340.34
349 29623.59
814 3399.1
561 173.8
570 10746.12
417 2255.76
24 15510.5
394 6011.83
545 17126.17
22 32321.67
83 26282.15
151 8033.82
900 26959.59
775 8443.94
30 32716.94
862 14976.37
818 1744.63
148 15107.9
478 29191.88
426 636.55
205 31017.19
691 16671.23
856 23556.94
106 14153.82
174 12996.82
42 13761.81
345 12840.38
729 4405.90
128 9063.71
2 27960.4
922 7659.79
135 566.47
41 25909.13
374 7956.9
185 14203.57
496 29301.63
693 27114.87
356 28889.56
486 30097.21
387 17434.66
21 9302.35
803 26088.78
66 28562.96
62 10841.98
887 27162.28
991 24745.85
438 19945.19
424 8124.44
783 2466.49
273 8445.57
346 1186.86
711 1970.84
262 20578.91
978 27618.48
588 13387.26
884 18264.79
137 32084.90
834 18535.64
651 19719.91
68 24966.71
13 23473.28
499 32211.87
28 20467.2
673 25116.44
584 494.97
436 16144.99
652 19132.50
105 9358.39
699 28921.18
212 12125.52
230 27008.42
501 16814.93
814 4020.8
107 11315.36
999 15077.51
332 12472.50
355 16050.20
712 2167.58
679 632.47
265 26531.19
680 48.33
7 9441.100
826 13640.73
395 1701.83
638 28758.56
169 4523.5
159 31937.69
692 23303.76
958 2478.38
952 9598.29
112 23501.47
685 17706.72
750 29156.63
907 13721.84
970 21032.87
927 19930.83
984 19135.75
279 23362.43
374 6659.88
661 30417.74
155 17247.6
928 29297.64
553 23517.78
977 4750.58
757 26041.52
183 15802.20
225 29853.85
196 12120.90
392 23631.45
291 23419.24
288 10738.36
330 24972.73
148 11315.98
605 30791.1
949 26863.56
13 31022.88
981 7997.81
527 27282.85
80 27361.77
609 28335.43
357 23178.53
6 9116.26
557 23667.93
225 4859.29
429 23865.73
976 8610.82
885 25349.54
297 20165.6
847 25441.25
135 20291.14
328 7240.15
731 32022.43
559 26965.50
319 31791.47
182 29725.55
342 11540.40
226 19227.4
229 23318.10
904 27823.2
484 22287.6
246 15401.21
649 12495.76
466 13519.27
706 20689.38
836 4961.80
581 8392.18
171 10383.41
702 3365.47
867 10063.34
958 17069.33
367 6177.44
236 29352.74
366 13985.48
859 27995.29
780 28913.11
938 21967.18
760 6374.57
636 25351.45
875 9472.31
630 25144.75
398 13194.77
29 19113.22
609 27778.63
252 32565.62
869 28433.23
147 8878.66
654 15803.39
733 31638.48
909 10387.55
774 6366.19
84 5910.98
324 3254.30
629 23416.63
417 29579.21
452 30598.3
234 27848.39
472 32627.4
238 30715.75
765 8481.58
661 9314.79
336 22212.91
773 31254.9
5 506.47
853 19273.55
329 10409.53
398 338.86
852 24382.11
904 19583.27
152 9252.19
454 11999.94
14 7825.22
223 31114.44
637 26356.15
543 20750.7
737 18858.64
456 30982.23
670 25805.63
275 20487.72
472 10285.79
573 23661.44
38 10969.78
834 24491.59
702 3016.60
981 26917.34
181 15220.60
98 8901.20
454 10896.62
970 24778.26
864 32290.13
368 11128.29
657 9117.36
691 21692.82
355 32724.93
388 1252.52
17 2531.69
723 20716.61
365 32603.23
537 12826.74
501 4434.66
266 27106.45
709 556.64
101 20034.93
413 14897.46
123 31250.55
876 27989.41
750 14858.77
281 5815.73
710 6752.90
778 24255.84
975 593.30
108 1771.98
199 8689.49
156 17062.35
450 27667.5
277 1725.78
783 14643.30
933 24917.3
606 20887.13
184 27236.74
649 19503.36
827 24869.35
90 15575.4
130 9466.63
656 26637.88
517 30903.51
931 27440.18
395 30037.76
559 20455.23
444 19824.63
211 9802.37
808 5415.39
537 21714.6
695 14901.35
963 7753.89
153 18008.33
59 15657.78
970 31335.45
747 12595.67
695 23202.43
143 18205.35
401 29985.33
159 19364.56
74 4462.34
698 4729.7
352 9392.44
220 20144.66
449 26606.98
657 32186.39
382 22099.20
492 10009.19
859 14203.93
992 16974.1
27 15923.23
478 433.51
581 15920.54
555 23595.7
183 7077.50
402 18705.81
100 28103.74
520 2195.35
540 27038.31
380 22650.14
508 7347.28
293 26661.83
69 22390.76
527 4106.47
49 30077.89
974 4136.72
89 1505.38
884 13859.17
325 16483.90
554 5907.38
442 17450.59
683 21016.77
315 25390.33
839 26719.22
794 18865.73
234 27674.86
979 13139.93
827 27536.19
184 10150.71
715 24161.46
430 30285.81
934 19073.42
366 28422.76
467 9117.27
996 11321.91
916 25327.88
566 18134.41
441 20127.62
131 178.21
519 12104.8
478 28319.6
564 5955.81
922 32238.87
708 12981.25
953 26921.4
457 10400.47
421 24089.35
29 13412.17
711 19323.81
843 7282.96
635 5873.90
272 22042.51
734 27665.17
739 20422.73
582 31650.56
374 20985.87
426 28255.8
602 31975.68
282 4323.35
655 27534.8
459 26246.61
109 18057.48
49 28497.46
91 24606.1
133 4437.18
177 8244.83
550 20490.76
404 25137.55
581 23682.44
96 16370.64
920 8077.11
379 27742.82
858 15145.52
467 1339.12
720 13009.2
25 30552.82
