100 1000
18978 25956 1759 26007 26917 970 30371 32171 4614 16397 32356 3338 23365 15488 17851 12600 28514 12404 16963 30389 8431 31742 3148 10973 1257 10491 27604 1293 1864 32082 12723 27399 11733 633 12565 21656 32060 9787 27949 4728 13410 22712 20264 31857 20984 19373 30816 19139 6225 14069 1235 7880 880 18000 20947 32468 25958 5220 7423 18783 7387 22273 3953 25446 6634 8361 2361 9742 9522 23376 16650 20363 7465 24672 3124 31552 7604 20992 25298 25895 17909 6550 29765 31860 4196 12170 24545 2421 28962 4174 26085 27325 11914 667 9393 11649 10248 4861 13875 1346 
803 26769.58
285 22276.84
584 18879.72
316 7546.94
817 9566.11
941 2035.82
894 26249.1
166 14448.9
706 23719.25
315 30168.77
993 12668.47
973 8798.11
356 12488.27
570 29925.13
703 19354.6
826 24943.98
177 4312.28
573 16633.96
805 444.87
598 852.25
138 1069.73
657 5594.60
893 3645.96
84 16408.12
791 19760.30
420 5044.96
944 20451.8
50 16196.95
226 28515.52
661 11218.13
340 8720.62
25 23350.31
886 25775.6
582 4507.87
584 16938.44
767 32446.45
258 3570.87
111 27598.74
478 28231.82
146 30970.38
698 10952.63
332 16897.51
641 10524.40
88 25458.42
160 25753.28
952 25175.44
607 20263.45
764 30326.48
223 14562.7
11 15232.95
281 26907.5
370 26551.29
681 20168.31
849 26358.69
769 26508.34
222 12068.5
234 985.62
476 24437.12
299 13275.21
737 19975.95
604 15396.22
869 8123.40
623 16995.13
492 29791.31
868 16764.18
582 9601.7
750 4579.65
850 8319.65
773 15880.33
131 5305.16
515 17454.58
648 5351.19
77 7695.78
906 30472.8
892 15377.72
152 16482.100
125 25857.21
615 21382.45
10 27780.42
814 29792.8
324 16840.69
564 6836.14
710 17685.51
65 1429.75
511 28239.71
680 8893.96
148 26512.59
598 13009.61
842 9811.74
902 12273.8
972 4851.69
585 28194.69
850 16745.32
385 17790.89
639 28560.62
4 25639.73
750 15440.72
590 14960.24
720 10371.26
44 23991.38
380 15736.49
274 20202.61
844 32342.14
289 22450.4
128 24786.94
877 15781.52
354 16114.6
830 27941.29
299 22233.22
423 1450.52
159 20169.24
65 28580.77
937 8928.22
113 26699.27
11 12097.65
340 18916.9
211 1181.97
269 22375.90
960 11874.11
581 2199.73
279 22774.4
122 20446.30
237 11203.43
586 9612.10
893 32266.18
770 23633.12
574 7857.76
16 28934.80
444 1667.6
990 15390.38
695 18849.52
949 13659.43
692 18458.43
812 27291.3
713 18136.17
956 28881.25
894 4458.91
327 657.43
196 23128.3
672 16820.36
25 4857.51
95 14843.69
941 13580.64
876 24763.5
502 18307.67
778 29183.29
362 5431.88
970 17820.44
198 26505.85
970 5932.49
772 28697.83
809 20973.77
427 13337.43
407 19957.17
157 4323.8
84 7742.74
28 9439.20
208 10094.66
251 22749.4
488 17779.22
382 17772.79
478 23109.70
595 3285.98
286 19046.90
463 19909.95
409 15362.33
10 23499.16
505 29628.54
861 16943.74
718 30338.94
72 2777.22
816 14855.59
783 9784.37
584 13745.5
886 29287.86
576 9244.10
602 3849.22
294 18822.64
498 14479.60
387 11702.52
487 8426.55
525 30788.32
560 29902.15
893 5196.84
611 17430.7
111 31983.54
284 10476.20
312 9775.45
152 7360.23
883 28171.42
902 15149.77
653 28647.41
370 4708.11
525 2203.90
437 23992.53
893 25550.13
205 29266.29
657 7001.83
799 3911.43
64 22508.46
197 31096.69
988 3634.36
432 8463.24
54 30229.28
350 20848.18
235 16900.35
161 28146.29
227 31296.66
878 19657.4
943 17562.32
643 12002.52
607 23338.96
391 28313.99
375 5351.40
708 6296.94
174 14635.24
378 2371.35
56 29570.87
194 11893.6
85 12120.98
920 132.81
834 31586.36
166 30392.44
942 25305.98
275 31427.41
685 32474.61
419 31713.5
732 27787.77
565 3482.5
75 25814.21
784 18276.41
962 30937.31
823 12703.61
151 599.21
282 16786.32
760 14806.100
102 2423.35
854 11308.8
341 8899.82
167 1951.15
345 18461.81
11 31986.22
45 25031.33
999 19183.42
126 17006.49
888 2893.39
472 19343.93
270 3587.63
253 30713.93
219 3176.75
255 12311.91
339 20400.75
429 7940.28
335 7850.81
325 20630.65
291 29890.93
103 32737.71
52 14521.60
375 31464.73
115 29590.42
792 11122.63
113 30899.16
541 32315.42
566 5626.51
339 22778.63
839 20395.22
584 25848.3
200 27972.94
246 30502.41
409 17761.38
180 8180.80
468 21680.49
772 15451.18
635 20550.38
512 3799.6
586 7678.44
203 16961.14
128 32175.71
284 4555.63
764 17484.18
679 30863.68
48 26199.34
859 4201.62
667 16688.42
535 31512.98
584 11034.76
298 8672.19
140 24601.42
614 5910.24
35 30192.53
552 16998.41
241 11239.91
894 2997.43
449 15143.76
590 16867.23
212 21192.95
96 20962.5
390 14052.62
392 22491.29
758 7252.96
591 30549.94
798 25308.16
533 2204.12
400 19948.6
142 22748.29
263 24654.70
340 18345.40
745 6479.19
199 18410.40
550 4675.76
449 869.77
745 29053.49
382 26463.40
606 25609.65
654 1539.44
244 25039.28
693 19352.73
174 30700.29
645 22444.34
666 17239.100
249 10681.12
354 14903.59
293 3570.62
662 27765.10
550 8762.34
852 5226.75
555 13429.12
973 14010.95
127 29359.13
755 15548.53
716 15059.61
168 30465.12
8 6876.92
843 24019.27
432 5076.77
45 17354.64
120 16632.60
118 4802.32
618 29141.35
970 9688.15
57 24896.48
308 29506.97
445 19572.83
36 3854.91
466 5311.9
967 11316.22
81 7037.88
366 13191.57
960 31580.35
929 24663.12
870 29461.51
548 8435.73
664 5412.75
736 19782.51
432 27940.20
818 12345.73
736 5848.90
90 28852.95
237 3079.16
424 11593.26
911 1465.33
197 10730.28
659 630.88
288 20800.48
970 9874.42
65 4991.33
549 3250.60
915 27330.53
121 3079.10
738 4442.23
456 18163.90
343 20628.4
554 20508.35
248 20197.18
393 11537.48
965 31352.98
788 17672.71
49 10642.80
834 12144.51
218 23629.12
991 10555.14
528 17299.38
813 2352.98
667 24422.7
498 10925.73
295 15061.52
592 17301.63
966 5674.85
261 17768.81
858 16445.19
306 4787.28
877 1516.45
913 18776.71
757 2853.34
277 30558.97
94 8972.2
781 4945.23
913 25881.97
429 21073.60
560 23374.39
242 17760.34
737 18894.28
455 21660.37
368 19065.21
297 2646.35
379 22370.87
54 31058.24
60 30003.28
420 12434.43
781 2778.100
402 29811.16
567 9755.11
739 10254.77
421 1240.54
258 17175.46
942 18728.63
840 12205.59
613 21148.42
653 18652.37
553 24897.14
765 15810.9
477 30525.64
379 9873.56
381 29724.85
44 28643.57
19 12583.43
954 13858.5
448 2139.34
344 3567.57
224 14295.51
94 22470.26
502 4580.39
795 27741.82
972 28118.49
544 31847.74
363 26752.31
495 14790.94
173 17139.29
826 6481.41
658 9398.86
649 949.63
171 17092.28
530 28958.68
69 32489.24
291 32429.96
910 2910.77
630 24033.52
29 3248.45
225 23931.75
891 10323.17
287 2193.25
75 30837.52
255 17342.92
500 3564.20
177 14775.54
255 3921.56
969 8115.77
183 12455.47
561 12123.63
32 16677.2
627 30533.71
73 29939.64
601 9259.90
228 28412.12
307 29780.57
451 29482.80
137 29676.30
74 9120.58
652 15428.26
957 19407.63
287 2342.44
294 4730.56
212 24264.32
306 2056.99
984 10.59
500 30894.24
496 26608.86
532 16989.62
223 10918.23
784 15479.68
406 24945.90
337 5042.30
422 25164.37
453 26303.22
36 20275.80
637 130.46
827 21055.29
251 21250.14
496 29472.42
920 25181.55
300 10144.88
717 12643.89
200 25643.1
690 2468.6
22 21143.63
35 14095.32
523 17566.23
886 4994.65
676 17604.100
293 6354.90
407 9127.93
829 12333.85
883 22759.100
240 11254.2
524 22053.6
284 21854.66
326 20430.4
757 18787.39
641 21167.5
215 6413.65
278 3711.12
104 20212.94
119 23781.93
774 12401.84
546 2470.85
422 23319.42
547 3067.71
528 20279.71
632 2625.99
697 7847.29
184 30850.52
288 25345.30
555 14217.95
656 24845.38
460 7544.23
701 26401.56
230 4642.42
650 4757.13
634 14482.31
373 19607.35
159 19590.45
466 2317.7
696 13769.58
507 12871.59
240 11438.18
41 17059.95
522 29218.98
279 27006.36
370 25346.16
319 19200.97
239 25025.48
351 679.78
908 643.23
620 7840.61
547 25904.66
500 24137.3
99 1590.15
374 10356.90
989 23020.68
511 32324.25
770 4051.37
354 13754.11
810 12848.31
581 4939.89
572 19374.97
424 31770.58
874 8198.53
496 676.23
807 9701.2
73 3589.16
817 8074.59
247 24607.38
540 15562.92
163 22858.53
57 27776.93
408 6228.50
853 15506.93
208 3065.21
822 12056.10
12 18208.33
958 4159.78
323 31612.17
474 27648.51
955 30305.34
95 5066.39
164 27122.18
554 938.15
193 16624.32
617 13205.100
285 17870.39
234 19679.11
313 5599.11
56 9487.58
717 16304.18
597 5764.31
944 6132.35
320 9384.10
949 21123.81
40 7339.47
556 21860.89
211 25847.40
272 6615.81
159 15580.42
229 21459.14
633 6953.99
71 4736.63
391 30117.45
108 11404.97
858 21676.35
525 8559.74
487 32095.4
283 13564.5
721 540.67
256 31951.48
593 31810.27
44 28532.96
537 25453.64
377 21347.61
758 13739.2
542 16416.34
892 16729.50
556 19998.24
913 11436.84
661 8769.33
481 8204.99
323 18436.52
218 4052.56
296 22962.24
791 22286.45
47 22591.39
854 30784.5
824 23705.5
304 14960.95
488 2693.60
37 18401.5
743 29036.52
440 16698.58
231 25000.70
365 13071.36
414 15655.37
334 21779.68
209 126.31
565 16719.99
899 15819.85
778 14129.30
494 5362.3
909 20832.26
26 27929.36
264 9859.48
330 24939.62
220 27787.49
547 1935.58
437 13085.5
866 92.75
562 29994.79
140 13219.100
679 27363.75
907 15916.26
560 31865.70
639 1342.64
537 19320.11
119 9543.87
813 19357.31
942 6523.60
824 9577.28
696 6276.13
203 27633.94
365 18080.95
56 23701.58
34 6074.2
545 15000.57
992 7261.13
235 12767.1
51 2717.44
321 21311.2
750 12355.92
579 535.76
461 11741.15
565 24113.5
237 29318.59
486 9764.20
135 32385.40
455 3489.30
288 1783.42
626 24694.5
856 16256.50
247 22067.60
30 24123.87
153 939.19
477 30112.99
264 11979.61
747 2896.52
599 15999.55
452 30099.78
477 25497.38
476 4418.77
218 14585.11
841 24655.79
928 18532.50
911 9513.39
65 28370.23
296 10669.15
331 22038.80
504 8294.5
384 29481.90
507 1349.8
467 32648.15
570 7965.30
523 2405.49
542 21895.55
74 18831.100
941 1781.40
586 16233.99
105 31005.24
724 29254.83
852 29198.40
20 29950.21
213 4736.35
397 13213.99
842 14915.10
351 31868.78
9 9689.73
114 27938.74
478 8353.3
807 16570.50
454 10522.29
541 16654.12
155 19750.16
501 7224.99
370 25180.79
932 28818.69
276 8894.69
307 19850.40
881 12410.57
652 866.45
239 9082.61
549 13575.74
74 6637.100
162 1666.93
568 24850.92
106 18355.24
936 15849.82
779 28240.16
98 13725.59
52 25449.79
55 953.54
438 26578.31
409 16526.31
508 28748.57
281 9303.44
279 9537.76
946 25586.86
825 31598.49
216 27215.62
413 29141.43
230 15847.85
251 14017.71
118 17364.78
229 6354.46
867 23135.41
403 2622.97
3 803.9
384 27602.40
901 6422.51
950 8788.62
78 26904.39
108 29780.37
717 977.66
138 10132.42
983 22030.9
783 7301.16
800 4312.57
544 2969.42
195 15611.51
89 23374.99
595 3509.97
11 5948.40
73 13514.50
523 12189.58
205 11822.44
1000 9720.18
988 17403.17
986 30455.43
940 31615.34
303 15002.44
849 17017.27
145 27453.61
716 8156.55
41 22829.59
323 28091.61
135 21438.41
500 18982.53
755 21028.60
660 2845.77
436 13694.5
538 9707.44
882 27337.8
758 13440.70
290 3780.10
850 9123.43
664 3813.62
434 11039.97
458 27113.24
402 3369.89
613 30640.42
296 19636.15
12 21343.7
481 8823.41
305 29691.11
215 1739.8
587 32511.36
265 15014.58
666 15771.4
919 25701.28
217 10391.28
585 9508.10
922 2071.58
92 4560.4
743 31667.13
191 18230.52
619 13461.54
605 29380.48
448 3754.39
566 12721.55
333 22274.89
534 9922.35
152 15596.2
251 10996.21
783 30848.31
914 6057.82
463 27786.97
709 26921.85
349 17172.20
899 28313.41
226 2821.45
750 30908.73
577 655.97
262 2828.18
387 19803.98
500 2842.43
109 9916.68
274 22578.4
456 32591.29
156 10670.45
929 13004.82
9 7308.40
194 28152.100
801 2328.10
688 17918.68
938 8139.77
159 14732.5
225 30895.4
608 10641.59
549 17130.93
659 6766.90
504 10809.19
249 4078.71
784 26249.46
114 25973.21
648 19945.12
125 28945.47
424 15244.39
418 23421.3
368 16025.82
522 12344.87
819 23028.28
343 4147.63
603 14920.80
261 30415.10
541 14844.68
887 29724.78
324 25302.96
543 28826.38
545 27511.57
935 19943.25
528 766.26
772 21795.21
546 10088.12
813 12020.65
740 21395.95
250 27237.33
42 6115.69
720 12067.35
696 15614.28
959 27834.46
162 29219.22
622 31713.49
219 20727.90
95 2050.71
306 16107.55
589 1648.12
648 30850.32
637 19988.7
754 27936.65
548 23926.6
521 4653.68
919 22121.9
137 2727.92
50 32201.58
962 31879.66
207 29446.86
934 16252.1
15 9848.22
785 18659.26
64 9898.29
61 26387.32
514 31773.4
803 4686.75
437 18488.52
939 25587.33
267 1889.40
946 13517.32
201 32614.94
100 2447.90
275 23247.26
261 24795.54
418 1703.84
36 14439.13
257 27613.11
7 18209.79
31 24149.72
804 2143.46
55 27447.17
717 22647.18
69 23842.23
24 7518.43
844 10317.91
561 22043.79
453 18880.55
302 555.11
35 19488.62
139 11824.12
824 27086.61
824 9603.44
644 30537.45
946 24697.68
606 12806.99
588 21886.73
897 3914.98
255 26454.22
419 932.40
483 21795.87
44 18200.50
122 24830.90
235 8985.42
313 26696.18
888 12007.21
888 29950.41
680 21488.9
884 29103.78
85 22328.50
628 12785.2
162 17919.75
879 32606.55
208 21280.98
861 24448.21
198 16338.45
936 24894.55
131 9690.87
808 157.49
138 12884.72
729 9719.6
433 26512.99
294 507.12
937 8639.34
19 6666.90
941 11621.73
496 20688.51
442 4037.85
168 9519.32
772 197.4
930 21966.15
542 21246.80
594 8688.49
303 29168.22
973 4190.40
458 1940.50
848 2950.86
302 4548.26
393 19998.58
305 1325.21
305 7666.91
226 24267.9
2 15005.12
998 1561.60
939 17503.22
426 29060.46
937 17237.17
57 27580.18
84 29111.43
64 29685.93
509 3049.88
400 19517.56
338 16260.45
133 12400.17
595 28320.53
232 13679.5
144 28424.59
443 17317.73
819 17696.49
788 20735.14
809 10398.76
505 15848.4
420 30062.53
350 21983.37
505 5459.61
197 16323.95
59 32549.26
916 29425.6
377 11968.30
