10 957
61 8 39 20 99 24 22 73 8 40
70 807.90
9 213.33
42 852.26
54 901.22
68 741.60
48 742.65
79 659.13
78 455.49
45 509.23
46 837.52
6 663.82
90 652.27
29 784.47
30 863.82
13 146.87
49 220.92
7 192.91
91 211.94
23 731.82
7 297.21
22 493.81
44 904.71
14 378.14
23 937.58
25 475.7
42 605.29
64 397.49
6 624.46
34 394.26
35 343.89
28 871.88
73 124.33
98 757.55
64 327.92
44 547.98
83 191.66
91 260.89
12 553.36
57 461.69
26 384.58
69 227.93
54 814.78
89 786.44
67 194.43
57 432.42
87 427.90
48 643.71
48 356.99
31 344.41
93 272.98
26 614.86
41 791.84
11 994.54
23 714.60
28 813.30
61 724.3
95 19.81
66 457.87
41 981.13
46 507.58
15 185.86
75 34.22
39 287.99
91 164.68
53 624.21
75 87.54
62 923.92
53 714.93
5 480.87
27 666.47
8 248.43
84 828.99
43 172.19
11 317.50
73 349.67
64 114.46
52 468.26
85 110.58
41 916.36
39 510.9
7 101.48
66 531.34
28 682.22
73 448.91
21 868.48
17 250.68
50 568.18
45 440.7
67 910.28
95 203.62
51 940.7
21 976.52
14 235.11
94 620.4
64 249.3
13 224.6
86 414.85
80 693.19
3 314.75
92 656.99
20 375.74
26 793.1
23 19.59
37 249.7
38 986.11
94 179.18
88 785.99
20 925.40
25 965.99
29 22.4
49 61.83
15 10.35
81 733.4
49 148.24
70 461.80
10 875.25
82 818.12
19 952.92
92 299.28
0 511.98
95 750.48
20 332.55
35 364.34
68 968.62
10 506.61
2 100.8
96 274.24
20 517.87
15 593.57
88 497.71
3 674.28
89 49.61
58 307.86
61 335.90
67 623.19
47 961.66
90 924.96
48 543.9
51 141.1
3 754.54
64 74.10
3 357.98
35 559.99
10 265.7
70 594.77
20 363.46
80 793.3
88 761.22
76 92.69
41 645.47
75 350.88
61 440.17
32 754.58
43 947.56
25 492.15
86 802.3
37 413.8
64 394.95
3 267.43
3 181.63
23 937.71
43 163.43
56 570.17
27 539.41
93 716.8
40 538.18
47 594.49
89 196.44
3 394.82
24 473.3
9 81.52
6 345.90
8 404.90
83 995.92
0 504.84
42 833.7
59 652.92
89 337.56
45 973.47
7 248.71
2 858.99
18 0.97
91 378.80
72 884.91
99 755.93
62 536.0
8 180.52
67 182.75
74 453.41
95 271.78
92 517.82
98 199.43
22 372.2
92 812.17
71 954.60
18 928.18
47 728.11
54 268.10
76 14.52
80 800.57
13 884.94
73 881.29
24 885.80
87 594.74
15 105.87
29 358.20
91 74.90
67 893.31
58 793.84
41 77.96
9 146.89
92 794.6
3 901.95
68 609.22
7 958.34
94 113.28
78 431.1
82 204.43
65 669.99
32 429.59
85 736.34
69 649.48
7 159.87
22 939.46
28 212.51
21 875.95
27 395.88
39 399.85
90 553.79
84 541.37
74 650.84
18 703.42
52 339.74
18 64.66
24 986.98
33 246.81
52 787.34
21 560.68
57 900.18
55 2.57
17 755.41
28 743.24
73 534.84
99 238.49
45 388.67
97 376.22
96 514.97
62 785.88
55 384.50
79 437.21
31 277.59
27 477.54
14 528.45
73 298.50
42 713.18
33 153.12
53 616.29
48 936.93
50 844.86
21 448.87
9 782.48
62 451.23
68 118.86
78 752.14
88 478.48
52 932.42
90 431.32
53 963.68
7 601.77
90 328.71
94 927.19
92 105.51
46 889.3
5 807.82
29 51.40
42 572.35
3 103.13
30 126.46
74 87.1
88 403.16
44 829.93
92 109.91
67 14.21
35 416.8
89 708.46
50 137.10
22 852.49
69 210.30
41 664.64
98 195.9
96 869.17
28 27.53
40 391.71
40 784.40
95 419.13
13 411.9
53 477.92
3 551.37
62 116.96
57 723.41
48 387.82
25 238.49
97 249.29
2 227.92
23 931.23
30 198.29
60 457.17
99 405.17
5 446.41
47 298.21
28 635.58
1 624.67
27 831.61
39 171.20
24 736.87
21 413.89
86 773.27
29 935.6
86 95.42
14 325.2
37 748.36
99 469.97
42 190.32
21 401.26
99 972.51
90 635.45
62 168.69
21 529.12
11 361.96
35 601.48
35 857.85
80 654.58
60 834.32
98 19.2
74 812.32
23 311.44
59 2.39
65 922.6
7 126.19
41 192.66
91 970.77
47 716.32
22 968.1
68 486.53
87 604.38
2 496.32
79 913.11
23 789.77
98 601.30
62 842.97
76 578.40
27 634.54
83 181.77
46 493.20
55 608.30
82 753.71
54 270.40
4 20.77
86 365.10
12 32.22
27 233.38
52 840.86
29 551.44
86 34.26
41 244.92
69 14.19
7 479.65
73 918.88
62 837.73
75 605.71
65 588.75
37 541.66
21 305.35
80 284.41
93 742.77
73 111.66
0 982.92
34 338.96
27 403.96
68 14.73
63 458.42
16 164.96
8 357.35
48 890.22
20 122.64
5 547.62
65 74.28
62 115.94
21 108.6
93 804.92
58 626.77
74 538.91
27 653.9
89 486.47
90 13.36
68 993.70
8 75.76
81 183.31
49 963.43
79 222.51
72 788.97
96 791.99
55 218.56
46 676.21
99 773.42
52 595.98
85 299.14
8 538.83
14 412.40
23 35.98
93 677.62
44 410.24
6 455.71
49 285.61
11 568.72
93 691.60
25 651.28
14 368.24
17 924.24
34 136.61
28 462.38
22 233.31
75 952.57
37 975.19
40 493.17
23 530.43
51 139.5
45 42.29
58 631.82
4 638.58
31 590.2
14 17.17
65 127.97
64 334.82
24 776.54
60 974.19
17 238.74
20 320.66
13 297.28
46 656.95
5 726.49
64 74.44
93 359.82
4 376.63
68 625.42
99 739.2
81 732.41
59 23.10
68 928.49
78 770.20
90 342.69
4 615.15
59 693.3
43 709.48
8 958.22
79 725.58
63 777.23
30 956.71
7 745.79
33 541.26
69 598.26
52 340.5
19 842.94
29 246.46
13 671.79
86 780.60
41 638.46
95 122.61
79 786.60
96 283.93
6 543.52
2 503.46
49 141.3
19 560.90
94 154.39
59 537.72
31 310.26
31 448.14
25 752.56
49 21.91
23 266.55
73 723.88
9 664.27
3 968.85
42 775.21
92 944.17
70 644.96
92 950.9
50 914.34
26 757.41
72 960.70
77 771.72
39 50.6
98 863.87
57 278.20
20 701.55
52 690.30
7 984.94
98 333.19
32 496.2
37 283.42
44 156.44
27 997.29
5 201.60
22 488.2
86 979.70
25 452.73
17 59.17
37 776.47
93 411.42
24 685.41
51 438.75
92 824.95
43 275.8
33 75.50
23 227.81
54 534.92
61 336.61
81 858.51
70 265.23
63 391.42
27 379.20
86 367.75
44 91.20
78 442.4
2 937.40
30 147.99
59 559.71
22 306.23
76 259.91
78 4.49
78 320.10
96 280.50
47 764.66
85 931.91
58 557.82
32 215.63
34 205.6
73 191.68
47 264.45
36 902.45
53 316.76
29 129.38
94 105.18
81 146.96
39 392.46
40 910.35
89 808.65
57 945.73
61 135.53
32 137.8
63 134.68
57 384.23
84 888.49
46 862.5
2 781.80
48 78.51
7 674.84
62 775.31
67 147.10
23 719.76
6 459.75
90 875.60
1 667.6
38 714.27
11 777.91
92 74.55
81 691.3
51 154.53
3 189.69
47 763.65
44 88.92
30 953.44
30 931.62
5 910.77
85 773.25
57 928.38
79 428.20
66 122.33
48 512.80
24 369.63
53 204.15
92 560.42
27 870.61
56 150.1
59 660.25
76 493.88
48 969.7
55 879.63
79 264.19
84 108.68
39 641.0
91 815.31
20 594.22
97 626.61
34 64.24
33 63.2
90 22.67
35 929.47
2 644.67
19 522.24
33 572.47
46 870.47
68 617.3
1 39.85
2 409.95
51 163.65
76 581.51
87 715.18
17 46.97
72 277.76
44 986.58
84 12.50
57 559.53
36 663.6
92 935.69
79 327.21
42 525.29
19 925.5
33 399.45
93 451.4
0 821.66
68 777.47
83 65.22
94 564.7
41 591.25
56 482.42
32 815.54
27 33.18
29 936.90
10 224.17
94 303.98
41 382.8
35 840.8
27 370.86
72 557.13
83 194.55
27 285.16
12 640.62
63 742.68
73 666.82
78 598.25
74 329.80
18 262.40
75 4.34
41 64.58
45 294.6
8 179.44
84 173.74
62 629.56
12 437.46
77 968.14
1 948.23
43 304.60
28 191.83
20 132.6
65 853.8
60 690.55
46 122.77
51 680.64
90 639.3
92 577.77
18 0.28
8 940.41
19 718.90
26 563.77
74 270.2
3 690.70
91 761.31
86 943.19
4 782.13
59 394.32
46 93.60
89 516.73
47 845.46
5 293.57
55 785.4
29 200.3
75 686.0
30 66.86
22 864.68
54 803.51
14 229.29
57 419.91
35 210.51
64 57.85
50 748.80
13 864.66
2 418.91
74 516.40
72 2.94
72 732.72
64 49.33
26 383.59
71 679.29
8 211.55
90 594.69
55 764.89
22 658.32
37 491.38
21 5.67
15 455.50
82 107.8
79 520.80
6 693.32
84 153.56
92 777.21
97 573.17
27 945.26
65 366.43
57 989.23
63 674.79
45 654.96
52 191.76
10 581.46
48 649.31
67 923.4
39 41.78
62 858.54
7 975.98
35 612.59
83 380.88
26 803.95
70 729.84
15 48.36
69 413.17
84 839.83
3 389.80
55 459.97
43 548.64
36 6.63
78 277.1
53 804.37
97 206.0
47 985.61
92 488.67
81 472.60
61 940.74
28 694.73
87 288.84
78 998.23
8 810.49
59 669.35
18 701.60
37 185.33
30 90.77
8 390.75
50 400.42
17 625.14
99 367.21
33 153.74
52 489.16
62 402.0
23 370.56
59 515.42
49 978.19
22 35.25
11 872.13
82 904.69
76 361.44
81 912.6
49 633.75
35 171.99
59 986.92
83 424.64
42 963.82
2 240.96
73 50.65
35 128.90
58 461.11
4 315.50
26 469.3
82 999.28
75 397.48
94 878.5
87 994.44
82 480.71
29 947.85
39 471.46
27 570.48
21 307.62
62 227.20
2 575.59
82 116.18
77 444.18
98 798.87
48 284.74
78 4.45
45 794.59
25 281.97
29 680.54
27 167.24
99 633.49
64 125.40
96 392.92
7 937.58
19 976.56
8 646.86
60 238.23
42 807.31
28 972.53
49 685.67
91 672.53
26 533.1
86 692.95
70 142.9
82 78.24
74 17.67
60 179.18
29 522.77
23 488.38
36 670.90
99 505.79
62 501.27
22 222.77
8 882.15
75 706.70
51 521.5
92 869.83
48 880.82
59 493.50
75 617.0
64 593.83
65 927.11
43 990.25
87 279.33
54 525.47
43 66.99
57 725.70
8 792.26
8 269.68
31 742.35
57 933.93
10 658.91
82 253.29
63 511.22
62 669.90
81 141.58
78 423.64
60 618.46
56 306.34
78 263.83
45 721.11
64 60.59
83 908.81
56 614.40
81 804.44
51 730.39
83 540.58
59 314.18
80 415.78
47 831.35
58 685.91
8 935.70
99 218.22
9 450.81
44 664.18
83 432.6
66 43.50
17 461.96
69 549.45
42 551.61
71 236.10
21 759.99
12 17.42
55 118.50
97 627.46
74 587.62
90 139.3
83 178.66
51 376.13
72 726.48
12 734.28
60 466.49
5 603.45
24 253.27
57 586.0
88 444.81
10 420.65
10 453.3
59 451.5
38 569.19
91 144.13
95 464.23
17 232.61
62 140.72
55 747.50
91 855.94
62 254.28
24 70.29
15 801.40
75 59.16
16 946.37
30 693.68
52 659.5
31 307.95
18 458.13
35 113.28
43 208.20
22 25.98
70 229.2
70 349.89
40 90.44
46 188.57
9 22.59
62 276.70
98 181.69
58 143.18
54 229.17
17 953.85
82 11.55
65 993.70
62 22.48
40 294.15
34 738.67
1 4.82
24 225.51
55 590.53
92 452.31
87 182.59
28 440.72
14 67.92
42 271.34
89 179.75
68 795.86
7 137.5
92 443.66
29 288.45
0 263.33
33 377.90
89 870.84
0 9.93
50 147.5
24 671.67
94 795.11
99 468.9
60 274.67
77 524.58
9 351.94
36 476.9
20 909.31
60 717.36
72 443.50
37 144.88
48 294.8
85 650.98
32 189.61
40 57.65
88 525.76
64 191.77
77 294.13
54 319.3
68 822.85
65 910.98
75 77.37
26 525.69
82 361.16
