6 933
1 4 2 8 6 2
2 404.4
7 961.76
2 491.86
7 17.19
2 161.46
4 170.54
8 500.54
5 450.90
9 910.56
5 710.4
0 583.3
6 780.34
0 242.17
0 223.12
9 156.18
8 179.65
5 67.20
3 938.1
1 211.71
7 103.31
9 471.34
2 680.34
9 262.79
6 217.27
5 763.23
5 271.22
0 777.62
2 57.15
1 599.78
8 726.23
9 401.25
9 611.99
7 680.84
6 12.90
9 731.9
4 542.10
3 301.49
5 274.81
9 336.31
2 356.97
9 546.27
1 244.29
8 431.90
2 516.77
9 264.41
6 596.64
6 707.36
5 179.49
5 379.93
0 383.21
0 409.33
7 191.98
6 595.19
9 46.51
6 756.54
4 946.70
6 204.20
0 46.82
3 601.0
3 957.42
9 605.3
1 297.93
6 955.22
3 755.44
2 917.83
7 683.68
6 535.99
3 490.57
0 913.43
0 293.28
9 409.13
5 725.99
5 455.21
0 829.71
3 37.95
0 764.76
1 535.67
5 492.61
9 879.80
6 634.94
6 821.97
3 815.73
5 557.22
8 766.65
8 56.61
7 815.68
2 415.36
6 243.21
4 405.94
5 249.85
3 189.32
8 209.33
7 813.46
7 119.19
8 681.30
2 929.24
2 163.52
7 188.7
4 617.38
8 469.48
0 903.90
7 916.87
9 55.34
3 709.82
7 398.80
8 930.16
2 665.30
5 147.12
0 671.91
8 848.89
2 489.47
9 408.11
1 95.39
7 411.10
1 325.12
3 165.45
3 646.86
4 635.70
5 72.48
1 683.84
8 321.87
9 999.84
5 231.94
0 91.29
2 494.95
5 320.50
5 357.67
0 423.9
9 546.91
4 130.50
9 912.28
9 775.16
9 22.76
7 750.67
6 66.5
2 309.9
3 446.70
6 90.42
7 889.92
0 905.47
6 137.58
1 447.54
2 39.80
1 214.28
3 291.80
4 961.98
3 75.98
3 107.65
9 310.65
1 771.91
5 406.62
0 923.87
7 517.53
8 569.8
3 30.43
3 805.16
6 72.87
1 876.81
2 911.35
8 141.55
6 115.85
5 490.24
3 669.52
7 321.79
1 407.65
4 715.59
8 315.95
1 676.64
9 127.38
9 773.4
8 975.59
6 663.31
9 547.63
5 993.79
9 347.39
7 915.93
8 113.94
9 107.28
5 478.85
9 696.32
1 911.59
8 102.50
7 481.71
0 841.70
3 411.31
4 78.8
5 507.14
8 166.36
9 355.41
6 916.92
7 117.53
7 137.96
8 229.68
4 869.8
9 518.43
6 865.8
4 808.71
4 419.75
5 289.83
3 810.48
9 49.48
6 291.74
7 34.29
7 427.27
4 367.18
6 270.0
9 916.68
6 759.99
6 415.43
2 640.65
7 662.66
0 885.9
9 857.38
4 428.12
2 745.46
1 863.26
3 801.10
7 262.49
3 196.95
4 606.12
1 232.61
3 183.79
6 369.58
7 853.54
3 704.26
6 484.95
4 245.52
1 90.52
1 131.64
7 319.72
8 860.33
3 864.44
5 972.13
4 573.13
2 26.82
2 55.16
6 444.83
0 214.74
6 563.27
3 842.93
2 903.2
1 969.30
1 532.50
5 8.5
5 477.96
8 861.62
6 263.75
5 564.94
2 642.28
9 545.45
6 787.90
2 174.81
2 509.68
2 269.23
4 978.1
5 40.0
3 669.94
3 934.99
2 481.11
0 753.48
9 359.23
3 254.92
1 52.61
2 837.16
7 737.63
9 466.91
4 599.44
9 554.96
6 779.39
7 378.3
1 22.29
0 877.71
7 664.99
0 652.28
5 446.96
1 555.14
2 482.40
0 970.1
1 714.34
1 905.66
4 963.39
7 895.62
7 815.56
3 837.34
2 612.28
1 918.19
6 568.17
1 906.86
5 402.21
4 435.11
8 243.4
5 767.81
8 396.16
0 680.61
0 969.99
9 113.48
1 103.48
8 130.34
6 946.97
7 549.81
6 450.44
9 697.77
9 879.65
0 263.9
4 171.75
9 331.42
8 614.13
8 861.79
6 200.94
2 97.12
3 162.80
3 692.51
2 718.86
5 201.15
6 968.28
0 107.43
7 45.99
2 259.15
2 684.61
1 971.85
0 801.9
7 124.11
7 697.31
7 661.50
3 763.91
2 670.90
4 868.60
7 228.41
4 446.28
1 645.13
8 714.36
4 278.2
2 459.12
4 955.36
6 869.48
9 944.72
0 742.89
6 797.76
3 92.23
7 879.92
8 39.31
9 45.64
5 56.16
4 655.39
2 705.54
1 966.37
9 783.62
4 952.96
9 766.48
5 35.7
0 484.98
1 676.15
3 913.44
1 680.27
6 325.45
5 578.12
7 59.13
3 678.36
1 388.11
5 798.10
7 991.85
0 708.89
6 631.73
7 367.40
9 886.7
0 321.98
6 809.4
2 784.39
1 83.53
5 227.51
0 86.72
8 712.65
1 95.10
2 459.39
4 458.34
7 833.72
5 111.17
5 846.74
2 179.94
1 420.33
4 281.64
9 606.76
3 514.50
6 540.82
5 99.94
6 703.36
7 526.9
1 815.29
4 804.1
2 314.42
4 18.32
7 592.23
3 881.17
5 629.65
7 42.73
9 823.25
2 729.35
8 881.5
4 201.11
7 32.70
9 817.91
6 875.34
9 958.15
3 80.59
9 81.71
1 604.7
2 50.74
3 955.41
0 965.29
1 810.28
2 228.81
4 712.79
9 781.13
4 948.17
4 166.52
6 3.6
0 406.41
9 713.65
1 853.75
1 514.59
1 902.83
3 265.99
7 396.88
6 993.60
0 340.3
2 106.33
7 442.47
7 271.7
1 70.62
4 37.8
6 631.28
7 782.77
1 880.80
8 687.13
3 379.96
3 551.49
1 788.38
5 129.83
9 895.25
3 595.23
5 989.97
5 512.46
9 82.58
7 107.37
3 538.53
4 422.42
6 982.88
2 353.89
8 497.87
0 6.26
4 401.43
8 205.65
4 338.12
5 372.86
4 12.94
4 537.90
2 976.7
7 219.1
8 942.91
4 182.13
9 908.99
2 109.47
0 298.35
1 284.93
2 361.46
1 918.88
4 941.40
3 613.27
6 928.20
0 65.3
7 442.94
9 947.73
5 446.74
5 458.61
9 46.81
6 574.63
1 977.19
1 538.51
2 356.62
0 263.21
0 119.19
6 103.47
8 953.98
0 31.3
0 15.18
9 89.60
4 505.82
5 841.96
6 317.77
6 894.89
3 41.85
4 947.96
5 91.6
4 495.79
7 323.57
1 866.25
2 731.67
6 745.16
2 853.54
4 603.73
1 830.40
0 525.16
5 986.37
6 586.99
5 56.2
5 999.19
3 39.86
0 391.66
5 137.64
1 659.21
6 831.27
5 20.37
7 933.1
9 67.73
6 912.71
2 289.6
2 685.19
7 490.63
7 595.32
1 672.42
3 204.42
9 213.42
6 80.57
6 577.14
1 83.64
6 517.38
7 672.5
1 774.5
6 310.67
4 958.63
0 170.66
5 472.12
0 436.38
7 307.57
7 742.26
6 473.61
5 851.99
3 176.54
4 365.30
2 528.65
5 442.22
0 526.51
2 567.50
4 528.25
1 221.21
3 882.63
4 291.46
1 889.93
8 484.47
3 567.54
1 459.76
6 182.12
4 396.17
4 103.47
0 789.56
3 925.53
6 501.32
0 110.14
4 931.7
4 106.78
5 338.24
3 967.83
4 636.48
8 92.55
3 308.6
7 61.10
1 9.54
4 414.99
3 784.76
8 108.81
0 944.48
4 264.68
4 164.51
8 733.85
6 108.83
8 380.90
7 878.12
6 149.97
0 492.92
8 825.64
7 165.16
4 622.77
7 48.95
5 603.75
5 501.30
6 877.80
1 815.41
4 233.8
1 576.22
8 826.15
9 835.7
0 109.38
1 136.96
5 563.80
1 307.61
8 416.94
3 390.85
3 282.7
4 464.92
6 371.6
5 886.82
0 299.32
1 81.96
2 567.95
5 728.86
3 790.55
1 79.30
6 942.83
0 416.93
2 851.35
9 993.23
8 776.7
8 863.60
3 113.88
5 770.56
5 855.9
2 280.66
9 997.62
1 350.60
9 892.28
2 388.30
1 66.91
5 969.97
8 880.99
5 407.26
7 155.4
1 391.12
4 10.42
5 776.98
5 386.37
6 941.28
7 919.21
7 341.27
8 869.56
4 927.78
7 718.22
7 172.80
1 60.6
2 791.76
3 40.44
2 267.96
4 820.90
5 733.41
2 39.54
1 98.94
0 647.0
1 881.71
1 939.52
1 572.52
3 777.35
7 43.10
6 142.43
8 705.0
0 916.16
4 531.90
3 665.56
0 7.75
0 766.61
2 713.93
0 132.21
6 644.53
0 406.95
8 887.38
4 251.36
1 485.97
1 90.52
3 322.15
5 148.70
4 922.36
1 516.69
5 636.24
8 346.25
4 176.42
0 808.53
2 957.98
3 220.94
0 238.50
6 912.36
0 486.41
3 238.52
8 137.68
0 912.89
5 852.70
9 839.67
0 840.29
9 778.45
2 411.13
8 794.54
4 640.85
6 803.2
1 480.80
0 350.45
4 321.74
0 453.69
5 830.11
7 709.60
9 967.35
9 83.0
6 650.78
3 441.78
5 250.5
9 56.56
4 159.58
7 378.30
4 806.97
9 880.72
1 299.56
7 385.26
4 572.80
1 516.72
0 839.44
2 288.39
5 351.46
6 714.32
7 891.0
8 760.31
0 792.60
5 972.82
7 808.43
2 282.55
6 394.82
0 597.95
2 284.98
7 614.5
9 751.2
6 327.91
2 754.54
1 487.51
3 586.90
2 119.32
5 216.87
8 261.2
3 346.30
3 886.31
8 751.15
3 578.48
9 669.47
9 786.72
2 542.69
9 677.35
0 699.13
7 380.69
6 814.14
5 938.67
0 206.98
1 112.18
0 423.48
8 528.52
8 409.89
4 896.16
7 307.6
2 457.73
6 974.9
4 17.97
9 566.21
6 798.14
1 263.95
4 908.13
9 188.55
4 392.15
3 62.40
3 550.33
7 474.82
5 192.83
4 484.24
9 368.75
1 956.45
8 233.14
2 430.91
5 592.99
2 318.68
2 624.91
3 139.68
2 111.33
4 435.31
7 723.67
5 311.57
5 953.57
1 25.10
1 847.56
3 923.93
6 640.17
3 874.48
5 568.35
3 235.26
6 857.7
7 149.44
1 853.63
2 799.28
8 228.68
2 579.22
1 921.79
3 427.35
8 648.66
9 427.16
5 899.8
0 87.29
7 782.83
9 934.86
0 15.17
5 367.50
1 818.47
7 643.73
7 371.44
8 28.41
8 933.58
8 804.61
7 795.56
2 425.2
3 165.4
6 960.67
2 645.61
6 183.3
9 603.75
0 631.60
6 710.54
4 882.42
6 291.13
2 9.72
8 883.95
4 921.22
5 168.7
5 991.44
6 344.84
3 866.86
2 534.47
7 528.92
3 965.17
8 427.96
7 950.35
2 461.57
6 212.91
7 378.22
5 294.27
1 918.80
7 213.97
3 887.17
5 150.87
1 947.18
8 154.32
4 389.29
7 60.67
3 804.78
1 627.62
4 652.27
8 105.62
4 545.22
7 131.24
9 1.84
2 346.83
8 202.98
8 840.73
1 108.86
2 527.99
4 872.28
4 391.21
1 178.78
3 479.40
7 82.34
0 286.66
3 697.61
3 386.27
5 698.27
9 497.94
7 207.61
4 470.68
7 158.10
3 62.34
8 83.95
3 219.45
5 967.1
1 417.81
8 729.87
7 335.71
8 589.59
4 184.43
4 714.29
1 82.64
9 433.95
1 927.59
1 298.28
4 427.38
2 705.31
1 61.38
1 153.13
3 418.26
3 287.62
8 405.30
6 547.85
0 603.62
9 242.10
0 447.27
1 168.44
0 449.8
5 188.46
9 925.61
7 52.67
8 481.12
7 995.62
2 910.92
8 136.55
3 747.75
9 120.90
8 886.66
9 287.39
5 301.86
7 891.71
9 324.33
6 834.22
1 551.55
9 797.54
1 579.54
0 860.66
9 96.80
0 340.62
2 265.84
2 999.74
5 871.22
6 915.22
7 43.71
1 541.93
5 179.44
6 543.77
8 647.57
0 264.18
2 884.5
0 323.84
4 400.12
1 891.90
6 775.57
1 213.84
3 438.54
0 182.65
