100 1000
31 51 43 36 30 14 64 9 74 44 33 95 67 54 3 11 20 20 73 26 81 28 60 90 30 56 96 73 35 6 22 6 40 79 66 64 7 82 96 80 7 7 19 97 56 67 42 50 61 9 11 24 84 45 56 96 40 49 44 91 59 93 94 52 6 55 84 86 2 22 18 27 40 31 4 100 73 34 10 74 7 50 94 35 74 79 39 65 14 54 36 56 3 38 7 59 6 78 63 89 
74 274.75
89 62.00
7 131.68
6 234.02
11 53.75
93 137.70
34 231.37
86 39.25
9 192.25
67 21.17
94 27.69
7 287.25
26 270.37
6 144.71
27 24.36
40 261.15
80 320.61
74 178.56
7 174.62
44 269.52
40 183.95
65 117.67
39 158.92
90 214.12
11 53.91
19 262.44
36 195.21
30 0.74
31 242.31
10362 288.95
79 283.29
54 316.27
31 130.45
73 13.45
79 191.29
10367 164.36
4 102.61
82 183.66
51 97.65
45 233.66
7 9.01
65 99.94
93 320.03
52 291.71
7 208.53
56 141.07
96 182.63
14 308.60
9 137.49
9 121.07
10195 149.43
3 146.75
24 104.55
36 269.89
100 255.82
56 35.03
14 69.72
30 157.58
90 261.35
45 123.22
56 169.93
4 208.83
79 301.17
51 196.62
67 11.22
81 239.32
40 132.23
94 323.08
64 186.56
7 181.59
10227 324.04
35 115.04
24 298.96
36 270.08
10417 205.33
56 57.37
38 318.09
28 19.08
2 297.71
10180 97.16
49 188.30
95 162.64
28 168.67
35 263.29
63 9.31
3 119.64
96 94.50
19 122.38
27 250.44
49 232.21
89 84.21
10296 53.65
31 117.69
86 165.63
64 102.27
7 5.43
63 221.53
73 108.37
10200 273.12
56 9.56
26 3.24
36 129.98
10195 150.29
10265 256.90
10069 279.81
33 78.31
6 172.45
10033 263.84
6 62.60
74 315.68
10364 57.33
10130 188.55
50 123.98
56 86.28
3 77.58
96 267.00
82 5.28
22 202.02
10166 80.57
10398 177.59
10257 230.12
50 54.25
7 20.19
10140 111.16
96 167.13
96 206.77
97 325.14
10064 146.38
80 318.65
2 226.91
10268 304.44
7 296.82
22 166.86
73 171.83
91 114.26
81 258.47
10087 54.93
14 69.12
55 52.61
10208 166.59
74 309.12
10365 227.52
59 214.99
10195 121.87
94 278.80
30 277.81
3 283.42
10188 77.59
54 91.22
73 126.38
10262 32.78
39 165.19
35 298.57
84 203.75
10086 279.80
10180 196.37
73 24.68
10414 250.41
10217 154.04
10196 216.44
11 175.97
10336 146.81
40 291.70
10389 280.47
10408 198.07
10062 312.87
10235 125.84
10255 215.80
20 8.70
10304 22.88
10496 306.34
10359 310.57
10058 269.24
56 86.33
10258 239.74
33 109.38
10088 211.44
60 250.01
10058 0.26
97 320.77
10066 323.35
10395 215.15
42 102.03
10305 303.79
10252 2.52
10321 242.19
10229 128.18
10305 287.61
10231 37.77
10272 291.45
50 182.22
10155 285.83
10146 9.65
10466 147.05
10046 143.83
73 221.59
31 137.62
55 193.30
10447 48.30
54 200.39
10006 200.61
11 95.80
10256 314.39
43 172.33
10319 11.66
78 218.34
10268 33.88
10159 45.78
10306 136.19
10321 38.60
67 272.90
10131 144.35
10215 276.12
10316 157.12
43 24.66
10198 226.66
10354 242.16
10481 199.75
100 135.56
56 191.14
74 63.42
35 216.68
91 214.97
10348 160.52
42 203.34
10364 168.89
10178 310.11
10144 180.18
10499 259.02
10405 108.97
10405 6.56
96 14.51
30 132.31
10034 225.18
20 186.50
10198 241.43
20 271.18
7 30.63
10080 186.44
10103 184.00
10158 181.66
84 101.30
59 134.76
74 232.86
10318 25.41
10358 247.60
10254 133.01
10082 110.98
10109 47.17
10225 68.27
64 178.67
10409 47.00
78 22.01
10264 215.31
10318 315.98
10087 290.64
10248 183.65
10499 233.95
10398 322.37
10116 217.31
14 106.26
10383 72.03
10020 132.55
10097 100.02
59 268.97
10179 54.87
10233 32.35
10468 232.42
10078 246.88
10033 220.03
64 307.51
6 175.24
10115 288.42
44 280.41
10398 288.51
10101 93.10
10085 71.47
10178 259.11
10342 224.56
10164 0.67
10 33.27
10113 116.02
10329 293.22
10307 2.27
10442 31.98
10445 85.13
10187 246.45
10019 79.37
44 130.04
10033 79.84
20 312.57
10089 181.21
10372 185.85
10193 206.76
10418 120.24
10277 287.53
10162 118.31
10481 219.38
10451 118.16
79 79.23
10417 323.68
22 89.10
52 27.37
10001 290.51
10070 88.35
10358 64.70
10373 122.49
10024 151.58
95 48.07
10086 117.27
94 6.23
10467 82.12
10173 322.87
10246 122.10
10093 100.89
10279 21.64
10049 11.62
10316 43.55
10052 19.90
10290 35.11
10096 310.66
10301 63.63
44 256.09
10376 228.38
10105 263.64
67 183.55
10215 146.42
10326 319.12
84 1.93
10077 270.42
10136 165.24
10205 181.62
10496 147.33
10485 70.88
10492 151.42
10170 82.19
10049 40.62
10112 28.88
10271 237.15
10066 33.17
10006 62.31
40 78.78
10234 51.25
10194 182.25
54 224.83
10281 231.44
6 161.93
10340 301.30
10037 221.07
10491 132.43
10402 296.75
10473 190.07
10264 224.03
10072 178.29
10466 314.00
10267 93.41
10421 293.93
10251 130.02
10480 129.71
10467 173.48
10067 289.45
10350 324.61
10156 179.78
10349 80.63
10108 0.10
22 291.84
10248 192.81
10093 88.61
10455 285.44
10387 286.83
10227 0.22
6 9.46
10243 190.02
10389 8.65
10407 145.99
10013 12.79
10472 327.19
10029 26.45
61 5.29
10365 0.13
60 209.88
10091 92.67
66 249.00
10227 90.36
10440 266.22
61 310.36
10115 244.90
10137 176.99
10084 157.41
10225 50.11
10312 248.37
10266 172.75
10251 227.88
10039 227.43
10192 68.71
10195 292.31
10008 62.64
10117 27.48
10044 74.49
10353 57.40
10346 111.22
10094 236.06
10271 258.78
10268 267.52
10157 93.28
10117 216.37
10490 315.32
10310 166.40
10081 177.23
10274 44.81
10209 12.17
10239 8.23
50 220.96
10389 90.82
10252 38.83
18 218.33
10381 235.68
10470 212.87
10141 322.75
10234 238.14
10193 246.56
10125 221.78
10008 32.83
10325 69.47
10104 15.27
10206 194.28
10196 87.69
10304 95.31
10354 86.21
10375 39.67
10062 257.44
10102 45.46
10269 287.74
10184 63.93
10280 187.11
10160 3.96
10098 96.31
10341 190.67
10265 156.54
10257 83.52
10091 260.74
10485 219.46
10002 43.98
10271 108.13
10499 269.67
10349 251.24
10389 5.28
10268 154.05
10320 171.71
84 27.70
10035 240.24
10348 102.62
10385 23.52
10415 255.02
10224 275.15
10405 76.56
10273 256.33
10015 38.40
10049 272.01
10182 198.19
10225 151.89
10342 240.05
10142 188.03
10136 266.20
10489 323.69
10322 300.21
10289 0.89
10182 97.38
10473 227.71
10089 126.79
10098 13.51
10407 186.46
10245 213.51
9 288.53
10314 220.78
10092 54.15
10270 72.16
10195 283.61
10268 250.55
10174 166.82
18 315.59
10049 184.47
66 190.13
10 267.05
10347 62.83
10025 89.02
10209 25.30
10032 296.71
10062 45.84
10373 320.26
10125 250.52
10417 60.43
10023 95.04
10480 64.65
10165 114.97
10455 183.17
10454 179.81
40 36.61
10296 284.91
10185 146.82
10353 220.19
10076 164.11
10178 3.90
10494 38.01
10423 62.29
10294 86.73
10320 54.60
10120 188.69
10198 86.19
10425 53.65
10022 201.87
10188 246.58
10144 192.43
10479 276.32
10155 78.66
10136 48.55
10003 25.13
10429 115.88
10414 197.90
10441 31.98
10258 31.40
6 39.83
10363 120.52
10025 55.92
10219 306.31
10289 70.40
10237 104.85
10304 85.19
10108 29.30
10197 64.92
10107 292.75
10141 258.35
34 186.89
10239 109.30
10022 63.94
10425 229.54
10390 71.61
10025 142.75
10435 129.47
10172 120.07
10490 226.93
10268 168.42
10117 222.30
10041 246.29
10205 34.85
10153 55.93
10424 285.15
10077 278.16
10012 265.39
10470 74.04
10411 28.78
10015 298.38
10495 45.51
10029 31.55
59 243.72
10293 211.16
10092 274.32
10411 65.66
10394 181.42
10338 170.91
10100 260.77
10199 276.47
10297 260.51
10300 180.17
10420 224.36
10009 128.86
10113 127.69
10372 301.06
10270 249.72
10271 60.23
10394 148.22
10183 279.59
10321 260.34
10042 125.50
10416 207.95
10151 146.59
10145 54.85
10198 41.60
10442 28.95
10363 256.02
10378 114.49
10042 36.35
10465 46.46
10105 259.06
10338 17.64
10044 115.96
10006 92.49
10135 280.37
10308 308.40
10187 116.48
10320 176.78
10381 190.37
10251 67.59
38 80.56
10327 253.36
10223 130.34
10415 97.63
10055 73.85
10158 130.19
10103 51.98
10479 98.55
10167 113.68
10430 106.31
10129 62.52
10280 177.66
10163 229.04
10105 123.69
10254 22.20
10487 219.01
10281 275.81
10197 248.53
10484 315.10
10231 193.69
10257 184.61
10457 247.55
10020 59.50
10169 24.37
10267 216.90
10083 250.39
10133 72.85
10475 182.79
10419 113.22
10372 193.96
10024 54.21
10254 142.45
10295 113.53
10085 168.72
10230 255.15
10184 165.14
10232 111.85
10126 17.98
10067 51.07
10055 267.02
10064 252.88
10200 310.00
10117 79.20
10107 204.13
10047 215.95
10119 85.16
10089 27.86
10274 221.50
10065 166.16
10344 51.46
10248 53.89
10087 179.83
10295 290.57
10391 76.91
10373 206.39
10104 80.55
10225 260.63
10092 307.63
10296 263.37
10320 258.76
10287 126.44
10052 2.98
10203 257.61
10424 4.95
10131 51.89
10475 139.68
10309 166.06
10336 93.90
10234 68.38
10128 271.92
10331 22.29
10285 117.44
10061 205.52
10296 286.86
10162 236.91
10257 31.66
10418 210.24
10474 163.96
10181 108.75
10374 91.84
10440 195.94
10423 185.46
10180 209.93
10391 66.22
10335 122.21
10184 277.16
10348 74.00
10119 93.84
10091 102.23
10000 271.45
10082 147.05
10188 145.36
10055 93.72
10465 99.21
10266 86.44
10111 124.39
10089 315.06
10125 64.38
10455 73.22
10061 189.74
10325 287.36
10130 207.75
10016 171.95
10170 59.34
10126 137.59
10162 224.33
10238 144.21
10496 152.98
10357 97.61
10239 251.84
10301 320.14
10155 57.80
10396 195.77
10002 62.29
10267 35.95
10066 122.85
10348 8.10
10013 251.12
10406 140.01
10061 28.33
10190 138.12
10235 6.71
10033 177.23
10233 135.62
10430 49.23
10167 297.60
10133 31.17
10415 119.25
10365 144.89
10472 178.92
10149 238.00
10053 31.46
10258 98.94
10484 298.37
10117 266.05
10334 266.72
10404 20.55
10478 320.10
10262 116.23
10137 6.08
10234 60.68
10065 86.95
10286 276.99
10144 111.61
10334 129.42
10082 86.99
10482 146.58
10117 220.37
10098 246.08
10441 231.01
10071 114.10
10133 267.94
10216 242.44
10459 43.91
10481 203.14
10192 123.23
10180 324.09
10175 259.50
10325 141.96
10060 27.84
10064 227.06
10151 74.25
10355 317.59
10089 109.23
10039 113.30
10160 207.68
10224 285.64
10329 22.69
10445 286.62
10429 126.71
10176 191.59
10340 268.01
10142 251.39
10492 236.91
10071 136.98
10298 10.00
10026 93.77
10434 19.48
10012 224.63
10324 157.73
10141 120.23
10080 295.49
10198 248.68
10004 305.69
10043 94.80
10146 268.40
10171 125.15
10344 257.86
10293 235.65
10284 148.05
10194 28.66
10234 308.32
10428 69.65
10302 6.92
10216 20.39
10257 186.17
10470 254.50
10252 101.38
10457 99.11
10438 13.26
10175 190.45
10166 190.01
10064 132.48
10272 233.41
10270 135.56
10145 132.67
10425 272.84
10234 257.20
10456 318.81
10334 285.29
10458 4.09
10083 317.58
10289 194.62
10467 41.90
10476 28.14
10002 54.49
10181 163.28
10163 248.10
10063 222.56
10283 289.84
10085 53.61
10482 300.44
10423 171.49
10016 200.30
10342 296.89
10070 243.75
10325 89.04
10421 281.39
10373 88.23
10204 319.21
10341 117.58
10071 33.54
10424 102.83
10113 83.04
10494 79.91
10183 108.27
10024 131.36
10302 34.63
10447 289.28
10297 138.90
10177 184.64
10027 9.44
10439 253.20
10030 27.84
10342 19.59
10221 224.74
10460 134.97
10151 174.72
10284 66.03
10187 216.53
10100 170.48
10143 225.49
10092 16.91
10305 244.91
10029 282.72
10220 18.58
10367 27.75
10066 78.73
10293 6.67
10061 14.66
10098 132.49
10078 64.31
10428 311.86
10098 298.50
10434 200.02
10431 44.45
10016 226.14
10095 26.92
10106 298.54
10098 49.59
10106 6.07
10230 15.97
10183 187.48
10028 293.30
10488 153.00
10380 183.14
10196 97.76
10118 134.16
10003 155.96
10171 108.23
10411 209.71
10129 89.76
10406 22.92
10141 327.12
10142 6.12
10214 11.46
10395 289.60
10280 170.11
10397 152.72
10406 126.82
10109 290.63
10128 244.78
10283 219.19
10328 24.59
10137 212.41
10052 132.21
10084 136.00
10247 323.10
10365 159.24
10149 51.99
10471 10.80
10246 130.75
10398 113.35
10200 13.79
10380 301.34
10285 282.40
10389 246.46
10163 295.73
10235 245.70
10019 217.44
10057 220.63
10173 44.37
10029 151.02
10101 121.82
10091 212.74
10269 130.01
10355 198.76
10020 131.85
10202 6.79
10365 170.98
10310 56.98
10442 30.18
10316 198.76
10191 120.46
10058 149.54
10489 79.01
10489 220.14
10161 261.64
10162 25.58
10229 195.09
10255 173.85
10225 174.45
10366 249.48
10156 77.71
10222 205.62
10338 22.17
10042 305.66
10323 115.52
10105 144.69
10217 133.84
10331 249.24
10171 112.89
10441 18.18
10198 264.67
10212 235.17
10255 249.24
10440 241.00
10099 80.82
10375 86.27
10120 1.20
10497 119.32
10266 284.79
10316 241.89
10299 96.57
10335 23.15
10094 29.46
10074 21.71
10486 280.61
10031 295.58
10045 195.19
10328 116.68
10210 257.45
10082 288.14
10051 313.58
10065 326.83
10015 191.83
10239 92.40
10401 23.13
10355 112.99
10329 269.40
10085 165.37
10391 49.40
10185 191.20
10138 288.29
10003 108.22
10019 159.76
10475 285.12
10480 91.15
10264 315.30
10211 226.80
10067 112.40
10333 171.76
10125 216.56
10277 211.93
10305 31.23
10068 316.32
10106 107.07
10261 287.87
10043 230.80
10362 201.15
10216 286.67
10323 188.77
10417 134.98
10365 134.41
10496 243.78
10362 316.97
10363 179.73
10203 293.20
10012 125.91
10109 90.83
10141 96.71
10263 247.95
10224 22.03
10380 322.64
10251 123.64
10444 74.75
10461 282.34
