3 836
237 157 202 
237 206.77
202 252.52
202 124.26
157 188.64
237 253.73
80 128.19
370 129.39
157 325.16
248 142.34
320 158.60
25 93.19
177 93.32
29 200.57
316 202.58
36 4.95
386 226.59
224 267.62
243 305.92
222 286.63
372 236.32
306 226.50
287 106.86
409 82.44
389 251.14
305 145.81
30 261.67
486 291.50
143 26.09
450 205.75
158 58.92
408 195.67
201 84.73
220 46.29
11 151.74
463 78.36
300 28.16
243 230.45
279 280.79
194 157.64
127 21.46
214 160.12
185 46.90
348 83.11
144 163.77
135 52.63
458 142.51
17 133.37
248 148.26
389 4.76
400 304.49
92 171.43
14 143.81
279 147.86
76 244.75
20 116.41
188 62.05
451 163.66
17 148.96
480 282.66
443 107.53
367 198.47
417 118.59
202 101.64
375 102.33
311 134.53
448 61.57
35 131.52
93 155.32
292 239.18
368 62.36
107 299.00
432 167.20
33 150.82
352 115.16
359 261.57
142 86.35
467 205.20
348 234.13
61 77.52
205 44.89
209 94.96
360 152.05
83 190.52
408 323.98
420 176.74
58 276.62
311 227.06
71 277.74
44 91.03
90 166.74
205 200.88
125 96.90
4 9.11
108 130.05
81 18.19
467 281.88
360 155.31
209 238.11
303 222.59
294 84.86
48 314.45
95 66.67
481 201.15
250 276.24
491 215.49
336 11.00
193 67.21
119 26.40
394 207.65
242 274.78
51 147.72
247 139.43
157 170.78
419 20.99
399 30.84
115 135.76
467 8.45
479 319.83
218 276.70
312 109.95
217 320.81
275 274.93
9 227.20
438 103.22
111 52.31
344 121.07
148 260.74
309 52.75
427 196.88
57 19.20
497 289.42
345 266.31
250 197.61
139 149.96
388 223.06
78 241.29
493 55.80
409 6.64
374 95.80
318 36.67
479 29.17
304 194.95
35 9.17
350 50.68
184 120.80
273 53.00
133 208.81
258 136.21
154 85.77
294 297.18
413 137.89
174 132.38
74 191.16
126 75.04
325 61.39
426 122.92
297 179.50
375 252.53
236 171.94
20 206.21
152 275.80
475 22.67
269 116.26
51 53.50
293 49.87
162 301.59
98 78.55
171 6.28
451 284.80
136 15.93
242 134.12
120 57.21
448 58.81
374 58.24
101 320.34
439 104.01
85 89.56
34 31.36
424 104.17
63 114.36
306 288.30
331 264.58
341 21.11
327 314.54
371 279.27
182 120.93
436 232.63
232 39.73
134 6.61
326 163.07
187 87.72
97 274.02
254 9.26
45 180.30
85 316.78
55 326.03
500 124.58
427 316.35
461 147.08
423 221.68
357 133.12
103 249.67
330 143.06
164 243.16
451 122.41
397 61.37
110 111.58
421 20.61
467 149.94
142 36.31
104 253.82
315 74.30
479 260.13
290 83.40
413 147.08
196 21.80
335 107.63
310 280.34
50 133.49
332 280.15
354 224.75
265 279.80
307 26.54
55 166.83
427 253.51
66 65.43
339 40.33
59 212.47
124 111.91
339 122.17
453 162.95
250 278.45
14 70.45
423 232.57
217 257.59
263 309.31
69 137.96
259 206.49
353 61.82
154 228.24
447 303.15
330 117.37
322 57.99
136 235.14
388 65.18
47 75.81
46 91.40
420 309.10
44 110.07
136 62.64
192 313.66
303 174.97
421 306.49
97 179.94
411 17.14
359 174.15
13 154.70
129 203.75
470 248.77
135 39.45
113 121.86
244 107.77
160 198.42
249 274.11
3 167.11
196 114.01
139 131.37
256 185.50
78 115.62
221 301.21
395 204.91
439 222.83
257 151.02
280 293.33
381 74.03
50 48.00
215 187.20
387 41.71
355 95.28
88 316.55
384 321.08
271 257.19
41 186.16
285 253.08
154 144.22
204 229.15
80 98.47
421 309.02
97 98.03
352 107.18
111 111.93
420 20.97
343 28.90
95 139.63
68 8.28
500 29.71
217 94.05
351 12.61
453 247.54
84 16.62
414 157.72
184 286.25
35 257.25
298 206.84
405 206.76
41 224.60
437 50.36
73 162.08
30 219.08
464 241.82
32 82.46
467 218.44
20 48.09
155 311.91
325 321.17
17 275.35
106 50.19
272 270.88
64 319.73
136 308.01
342 69.36
374 239.96
441 284.45
150 258.40
350 127.35
20 217.35
200 12.93
262 72.84
125 105.92
34 16.30
330 280.24
287 162.58
209 131.06
454 235.45
309 273.16
235 106.30
175 256.53
346 196.22
230 237.13
355 130.91
334 173.54
343 86.96
433 314.63
346 240.31
428 165.27
448 299.35
1 152.19
72 217.70
489 101.12
231 281.69
454 84.99
312 286.54
226 310.51
359 52.56
296 284.33
356 85.09
365 148.34
287 145.96
85 315.32
279 326.95
210 57.99
491 182.28
366 77.73
236 215.30
22 322.27
17 28.09
25 317.21
434 226.06
198 14.80
21 134.83
425 75.54
151 50.72
91 155.45
496 104.07
455 80.67
425 3.51
163 164.38
138 261.37
268 269.88
121 271.09
443 138.20
83 43.57
239 119.31
46 83.60
499 8.60
227 275.47
133 131.33
475 32.48
50 242.83
37 191.32
450 45.63
13 111.30
335 61.55
148 209.35
278 317.68
367 309.42
306 127.12
192 4.24
460 136.50
293 266.86
152 107.42
384 264.03
37 163.91
7 232.80
157 34.17
36 297.89
461 318.11
387 163.64
291 120.85
433 209.07
286 128.23
401 186.17
304 94.79
270 127.02
482 174.92
310 244.68
226 245.16
191 297.73
258 19.29
470 191.70
259 326.25
120 97.01
27 310.33
101 107.11
67 156.19
263 93.27
96 213.45
218 139.27
13 16.57
278 309.44
125 143.77
199 308.29
255 105.50
274 121.33
399 291.60
72 220.42
351 98.91
481 150.88
51 8.61
364 116.79
222 38.45
369 122.86
300 10.68
480 256.29
299 324.11
378 252.58
179 14.30
363 55.80
319 63.95
253 133.02
102 316.13
174 213.54
473 78.53
458 67.44
88 260.06
170 63.74
359 309.84
115 126.75
11 135.51
190 269.56
487 226.05
145 239.27
36 106.60
214 153.47
39 163.85
54 196.59
34 94.37
361 99.58
154 75.67
493 261.69
98 110.19
473 293.27
413 176.93
203 280.09
173 47.07
61 6.81
157 288.45
398 273.94
99 65.53
110 164.87
430 75.44
406 91.98
210 253.13
482 291.52
171 254.79
181 112.45
70 38.74
326 109.41
171 91.06
240 244.12
60 300.76
218 169.34
464 100.12
372 205.50
446 130.53
154 312.09
350 37.90
114 293.55
14 37.42
186 171.32
206 110.28
371 51.35
209 280.36
278 191.56
96 69.02
481 272.06
121 213.64
340 161.18
194 197.68
426 177.90
476 111.58
474 287.97
59 163.08
166 126.85
252 218.69
391 178.84
227 63.90
295 47.31
216 128.22
89 95.90
311 307.44
197 21.30
405 117.11
100 178.04
447 58.55
143 97.65
342 3.63
17 34.30
307 66.78
133 185.26
103 104.68
193 296.37
111 113.07
322 57.08
192 186.87
290 16.71
351 158.79
312 314.67
248 5.35
455 19.47
226 26.10
2 84.37
88 273.31
292 192.39
249 138.62
342 159.14
247 119.93
497 171.43
171 117.62
211 148.12
239 37.52
464 253.85
327 56.51
340 314.21
93 149.60
468 194.78
30 285.58
50 266.03
484 179.57
476 259.87
109 190.25
47 269.40
114 126.45
160 222.80
401 86.51
196 293.82
128 163.10
6 24.95
301 163.29
293 265.46
279 74.28
67 79.84
229 167.87
306 246.41
375 26.49
384 24.28
89 69.83
32 79.66
371 38.06
191 124.88
268 136.84
481 168.70
318 268.97
171 209.72
150 2.50
276 309.64
25 154.32
287 6.04
35 74.56
129 211.06
100 139.25
266 13.66
269 276.38
316 257.56
14 107.14
127 241.41
268 125.25
16 254.30
136 224.96
370 196.04
80 55.56
274 278.89
21 263.55
175 72.46
106 126.28
158 67.12
352 167.84
285 308.68
247 280.46
58 76.17
117 228.34
234 109.84
174 262.28
64 323.70
405 24.41
377 296.57
453 82.62
137 146.73
183 61.41
389 268.71
447 121.74
484 221.60
423 29.14
224 10.17
75 121.58
424 158.32
123 225.24
307 202.68
331 88.40
178 219.72
232 70.93
5 233.27
202 64.63
401 151.04
439 262.68
140 270.20
423 152.13
18 65.79
235 193.61
247 311.12
167 39.56
298 305.71
364 137.11
449 84.30
473 71.45
294 305.52
456 154.33
235 243.28
488 162.38
79 261.54
478 302.80
365 216.30
213 232.47
431 64.30
384 5.96
213 32.04
395 105.92
379 277.18
382 177.93
171 172.14
175 254.93
218 276.72
8 65.09
323 218.79
424 20.18
376 302.65
79 262.95
125 177.94
206 260.69
22 239.46
208 265.62
204 3.67
105 182.89
390 239.23
380 40.11
297 221.30
213 217.08
446 267.35
396 208.71
76 157.59
319 35.63
51 76.40
131 173.77
480 280.42
175 304.28
426 294.28
224 236.67
39 240.77
140 210.13
213 233.59
350 164.19
329 102.67
44 12.92
347 317.37
489 254.08
381 285.96
314 7.90
125 140.66
147 302.05
424 170.96
376 231.72
179 62.93
264 228.29
69 64.97
128 163.80
29 300.03
286 59.52
497 253.56
333 133.32
132 167.85
116 75.49
217 198.48
54 79.88
255 293.63
292 126.73
25 124.65
99 326.85
30 289.05
150 243.11
458 193.74
268 15.56
483 271.63
475 229.36
218 162.17
74 153.32
420 39.21
238 39.42
219 291.66
287 41.79
363 24.37
431 264.04
129 184.23
84 264.84
171 127.16
326 263.92
477 241.83
118 19.33
130 225.29
53 163.88
406 128.85
238 1.86
444 98.76
316 308.18
422 248.42
112 273.30
152 274.11
156 132.78
161 283.01
450 54.33
245 214.63
70 212.72
479 154.86
313 14.94
267 276.97
22 265.22
308 78.26
133 248.54
426 255.90
288 143.59
92 143.98
269 64.16
98 282.32
337 207.10
165 40.07
376 324.11
287 173.18
322 237.41
6 4.56
229 42.53
171 49.18
273 168.17
212 9.96
456 96.53
42 284.97
129 159.81
438 241.10
191 194.69
494 3.35
111 9.46
111 193.82
388 316.08
484 42.44
200 15.50
254 111.58
356 301.63
438 104.59
410 9.92
239 121.25
16 290.81
266 275.85
405 316.27
205 129.87
262 273.34
325 229.32
431 35.77
92 103.50
454 138.09
492 75.16
220 23.87
184 185.40
466 127.08
151 102.82
195 61.42
166 274.73
15 127.98
299 101.44
225 204.40
425 161.38
101 6.52
94 91.52
94 76.03
200 165.78
465 67.55
496 204.73
189 187.06
454 102.53
289 241.94
89 234.07
411 31.06
179 121.15
412 36.86
212 195.93
364 317.38
477 259.82
83 140.61
334 132.48
325 156.39
229 299.26
24 182.87
156 168.06
421 164.02
292 29.39
340 94.98
326 31.25
381 6.75
388 205.33
