8.294117 13.400000 1.474791
9.888888 25.857142 7.000000
16.529411 14.636363 3.643940
32.666666 7.562500 6.074999
17.076923 26.642857 4.832167
8.500000 10.500000 4.294117
7.733333 32.500000 1.050001
10.722222 17.615384 2.420635
12.842105 9.692307 3.474359
26.500000 20.818181 8.866666
13.277777 30.400000 4.034722
19.473684 13.615384 5.852565
6.294117 15.117647 0.579187
18.157894 11.611111 6.222222
13.875000 30.600000 3.513888
9.090909 17.466666 5.789473
17.818181 7.789473 3.563911
5.555555 13.352941 0.871796
11.384615 18.818181 6.850679
8.071428 19.312500 4.201299
15.789473 7.437500 0.865384
18.000000 12.842105 6.732456
19.666666 14.846153 4.153847
12.294117 14.333333 3.578432
7.263157 17.058823 1.665074
6.388888 32.363636 0.896826
24.800000 20.500000 2.125000
22.312500 20.631578 10.618421
30.000000 5.421052 3.657895
15.842105 27.307692 4.291228
18.800000 11.750000 1.014705
14.526315 30.666666 0.473684
24.000000 18.214285 1.240260
29.615384 6.222222 2.577778
13.312500 12.277777 4.277779
15.368421 18.071428 0.031579
9.333333 19.133333 4.545455
6.800000 12.642857 1.342857
23.857142 9.052631 5.194738
22.764705 6.941176 3.417648
20.166666 12.800000 7.399999
12.529411 5.368421 0.326316
10.214285 26.916666 3.298702
38.700000 22.357142 4.642858
14.600000 19.714285 6.900000
22.117647 7.944444 3.269006
8.500000 13.937500 4.545454
26.333333 16.399999 2.475000
25.300000 13.571428 8.582418
8.777777 21.470588 0.144445
8.888888 13.785714 3.833336
33.000000 26.416666 13.562500
27.428571 12.833333 0.692982
14.833333 15.277777 3.750000
